index,Unnamed: 0,tr_date,tr_the_open_price,tr_the_close_price,tr_the_max_price,tr_the_min_price,tr_the_comp_volume,tr_t1,tr_t2,tr_t3,tr_t4,tr_t5,tr_t6,tr_t7,tr_t8,tr_t9,tr_qs1,tr_qs2,tr_qs3,tr_qs4,tr_qs5,tr_qs6,tr_qs7,tr_ups_downs,tr_ups_downs_ratio,tr_nav_of_index,非止损持仓信号,止损引起的空仓期,tr_nav_of_product,tr_operate,tr_operate_flag,tr_state,tr_state_flag,tr_fee,tr_today_close_flag,atr_short,atr50,ma50,pre_trading_sign,cost_price,force_sale_price,leverage_factor,leveraged_returns,leveraged_nav
2017-12-22,0,20171222,7933.0,8117.0,8225.0,7916.0,,-999,-999,-999,-999,-999,-999,-999,-999,-999,-999,-999,-999,-999,-999,-999,-999,184.0,2.319425,1.023194,,,1.0,,0,0,0,0,0,0.0,0.0,,False,0.0,0.0,,0.0,1.0
2017-12-25,1,20171225,8114.0,8095.0,8156.0,8060.0,,-999,-999,-999,-999,-999,-999,-999,-999,-999,-999,-999,-999,-999,-999,-999,-999,-19.0,-0.234163,0.997658,,,1.0,,0,0,0,0,0,0.0,0.0,,False,0.0,0.0,3.0,0.0,1.0
2017-12-26,2,20171226,8106.0,8090.0,8144.0,8080.0,,-999,-999,-999,-999,-999,-999,-999,-999,-999,-999,-999,-999,-999,-999,-999,-999,-16.0,-0.197385,0.998026,,,1.0,,0,0,0,0,0,0.0,0.0,,False,0.0,0.0,3.0,0.0,1.0
2017-12-27,3,20171227,8094.0,8086.0,8109.0,8067.0,,-999,-999,-999,-999,-999,-999,-999,-999,-999,-999,-999,-999,-999,-999,-999,-999,-8.0,-0.098839,0.999012,,,1.0,,0,0,0,0,0,0.0,0.0,,False,0.0,0.0,3.0,0.0,1.0
2017-12-28,4,20171228,8092.0,8104.0,8144.0,8088.0,,-999,-999,-999,-999,-999,-999,-999,-999,-999,-999,-999,-999,-999,-999,-999,-999,12.0,0.148295,1.001483,,,1.0,,0,0,0,0,0,0.0,0.0,,False,0.0,0.0,3.0,0.0,1.0
2017-12-29,5,20171229,8108.0,8088.0,8122.0,8078.0,,-999,-999,-999,-999,-999,-999,-999,-999,-999,-999,-999,-999,-999,-999,-999,-999,-20.0,-0.24667,0.997533,,,1.0,,0,0,0,0,0,0.0,0.0,,False,0.0,0.0,3.0,0.0,1.0
2018-01-02,6,20180102,8088.0,8101.0,8106.0,8088.0,,-999,-999,-999,-999,-999,-999,-999,-999,-999,-999,-999,-999,-999,-999,-999,-999,13.0,0.160732,1.001607,,,1.0,,0,0,0,0,0,0.0,0.0,,False,0.0,0.0,3.0,0.0,1.0
2018-01-03,7,20180103,8104.0,8094.0,8121.0,8088.0,,-999,-999,-999,-999,-999,-999,-999,-999,-999,-999,-999,-999,-999,-999,-999,-999,-10.0,-0.123396,0.998766,,,1.0,,0,0,0,0,0,0.0,0.0,,False,0.0,0.0,3.0,0.0,1.0
2018-01-04,8,20180104,8098.0,8092.0,8113.0,8076.0,,-999,-999,-999,-999,-999,-999,-999,-999,-999,-999,-999,-999,-999,-999,-999,-999,-6.0,-0.074092,0.999259,,,1.0,,0,0,0,0,0,0.0,0.0,,False,0.0,0.0,3.0,0.0,1.0
2018-01-05,9,20180105,8096.0,8099.0,8111.0,8082.0,,-999,-999,-999,-999,-999,-999,-999,-999,-999,-999,-999,-999,-999,-999,-999,-999,3.0,0.037055,1.000371,,,1.0,,0,0,0,0,0,0.0,0.0,,False,0.0,0.0,3.0,0.0,1.0
2018-01-08,10,20180108,8103.0,8084.0,8103.0,8081.0,,-999,-999,-999,-999,-999,-999,-999,-999,-999,-999,-999,-999,-999,-999,-999,-999,-19.0,-0.234481,0.997655,,,1.0,,0,0,0,0,0,0.0,0.0,,False,0.0,0.0,3.0,0.0,1.0
2018-01-09,11,20180109,8084.0,7966.0,8090.0,7934.0,,-999,-999,-999,-999,-999,-999,-999,-999,-999,-999,-999,-999,-999,-999,-999,-999,-118.0,-1.459673,0.985403,,,1.0,,0,0,0,0,0,0.0,0.0,,False,0.0,0.0,3.0,0.0,1.0
2018-01-10,12,20180110,7956.0,7938.0,7979.0,7933.0,,-999,-999,-999,-999,-999,-999,-999,-999,-999,-999,-999,-999,-999,-999,-999,-999,-18.0,-0.226244,0.997738,,,1.0,,0,0,0,0,0,0.0,0.0,,False,0.0,0.0,3.0,0.0,1.0
2018-01-11,13,20180111,7932.0,7865.0,7953.0,7854.0,,-999,-999,-999,-999,-999,-999,-999,-999,-999,-999,-999,-999,-999,-999,-999,-999,-67.0,-0.84468,0.991553,,,1.0,,0,0,0,0,0,0.0,0.0,,False,0.0,0.0,3.0,0.0,1.0
2018-01-12,14,20180112,7844.0,7787.0,7854.0,7786.0,,-999,-999,-999,-999,-999,-999,-999,-999,-999,-999,-999,-999,-999,-999,-999,-999,-57.0,-0.72667,0.992733,,,1.0,,0,0,0,0,0,0.0,0.0,,False,0.0,0.0,3.0,0.0,1.0
2018-01-15,15,20180115,7763.0,7777.0,7794.0,7758.0,,-999,-999,-999,-999,-999,-999,-999,-999,-999,-999,-999,-999,-999,-999,-999,-999,14.0,0.180343,1.001803,,,1.0,,0,0,0,0,0,0.0,0.0,,False,0.0,0.0,3.0,0.0,1.0
2018-01-16,16,20180116,7768.0,7723.0,7815.0,7711.0,,-999,-999,-999,-999,-999,-999,-999,-999,-999,-999,-999,-999,-999,-999,-999,-999,-45.0,-0.5793,0.994207,,,1.0,,0,0,0,0,0,0.0,0.0,,False,0.0,0.0,3.0,0.0,1.0
2018-01-17,17,20180117,7736.0,7670.0,7744.0,7658.0,,-999,-999,-999,-999,-999,-999,-999,-999,-999,-999,-999,-999,-999,-999,-999,-999,-66.0,-0.853154,0.991468,,,1.0,,0,0,0,0,0,0.0,0.0,,False,0.0,0.0,3.0,0.0,1.0
2018-01-18,18,20180118,7670.0,7671.0,7708.0,7666.0,,-999,-999,-999,-999,-999,-999,-999,-999,-999,-999,-999,-999,-999,-999,-999,-999,1.0,0.013038,1.00013,,,1.0,,0,0,0,0,0,0.0,0.0,,False,0.0,0.0,3.0,0.0,1.0
2018-01-19,19,20180119,7671.0,7657.0,7701.0,7643.0,,-999,-999,-999,-999,-999,-999,-999,-999,-999,-999,-999,-999,-999,-999,-999,-999,-14.0,-0.182506,0.998175,,,1.0,,0,0,0,0,0,0.0,0.0,,False,0.0,0.0,3.0,0.0,1.0
2018-01-22,20,20180122,7681.0,7697.0,7707.0,7667.0,,-999,-999,-999,-999,-999,-999,-999,-999,-999,-999,-999,-999,-999,-999,-999,-999,16.0,0.208306,1.002083,,,1.0,,0,0,0,0,0,0.0,0.0,,False,0.0,0.0,3.0,0.0,1.0
2018-01-23,21,20180123,7712.0,7699.0,7739.0,7681.0,,-999,-999,-999,-999,-999,-999,-999,-999,-999,-999,-999,-999,-999,-999,-999,-999,-13.0,-0.168568,0.998314,,,1.0,,0,0,0,0,0,0.0,0.0,,False,0.0,0.0,3.0,0.0,1.0
2018-01-24,22,20180124,7706.0,7677.0,7708.0,7664.0,,-999,-999,-999,-999,-999,-999,-999,-999,-999,-999,-999,-999,-999,-999,-999,-999,-29.0,-0.37633,0.996237,,,1.0,,0,0,0,0,0,0.0,0.0,,False,0.0,0.0,3.0,0.0,1.0
2018-01-25,23,20180125,7683.0,7661.0,7701.0,7658.0,,-999,-999,-999,-999,-999,-999,-999,-999,-999,-999,-999,-999,-999,-999,-999,-999,-22.0,-0.286346,0.997137,,,1.0,,0,0,0,0,0,0.0,0.0,,False,0.0,0.0,3.0,0.0,1.0
2018-01-26,24,20180126,7665.0,7683.0,7699.0,7660.0,,-999,-999,-999,-999,-999,-999,-999,-999,-999,-999,-999,-999,-999,-999,-999,-999,18.0,0.234834,1.002348,,,1.0,,0,0,0,0,0,0.0,0.0,,False,0.0,0.0,3.0,0.0,1.0
2018-01-29,25,20180129,7691.0,7560.0,7697.0,7554.0,,-999,-999,-999,-999,-999,-999,-999,-999,-999,-999,-999,-999,-999,-999,-999,-999,-131.0,-1.70329,0.982967,,,1.0,,0,0,0,0,0,0.0,0.0,,False,0.0,0.0,3.0,0.0,1.0
2018-01-30,26,20180130,7554.0,7512.0,7568.0,7510.0,,-999,-999,-999,-999,-999,-999,-999,-999,-999,-999,-999,-999,-999,-999,-999,-999,-42.0,-0.555997,0.99444,,,1.0,,0,0,0,0,0,0.0,0.0,,False,0.0,0.0,3.0,0.0,1.0
2018-01-31,27,20180131,7509.0,7487.0,7543.0,7461.0,,-999,-999,-999,-999,-999,-999,-999,-999,-999,-999,-999,-999,-999,-999,-999,-999,-22.0,-0.292982,0.99707,,,1.0,,0,0,0,0,0,0.0,0.0,,False,0.0,0.0,3.0,0.0,1.0
2018-02-01,28,20180201,7493.0,7434.0,7514.0,7434.0,,-999,-999,-999,-999,-999,-999,-999,-999,-999,-999,-999,-999,-999,-999,-999,-999,-59.0,-0.787402,0.992126,,,1.0,,0,0,0,0,0,0.0,0.0,,False,0.0,0.0,3.0,0.0,1.0
2018-02-02,29,20180202,7445.0,7372.0,7461.0,7367.0,,-999,-999,-999,-999,-999,-999,-999,-999,-999,-999,-999,-999,-999,-999,-999,-999,-73.0,-0.980524,0.990195,,,1.0,,0,0,0,0,0,0.0,0.0,,False,0.0,0.0,3.0,0.0,1.0
2018-02-05,30,20180205,7420.0,7334.0,7420.0,7321.0,,-999,-999,-999,-999,-999,-999,-999,-999,-999,-999,-999,-999,-999,-999,-999,-999,-86.0,-1.15903,0.98841,,,1.0,,0,0,0,0,0,0.0,0.0,,False,0.0,0.0,3.0,0.0,1.0
2018-02-06,31,20180206,7328.0,7278.0,7372.0,7275.0,,-999,-999,-999,-999,-999,-999,-999,-999,-999,-999,-999,-999,-999,-999,-999,-999,-50.0,-0.682314,0.993177,,,1.0,,0,0,0,0,0,0.0,0.0,,False,0.0,0.0,3.0,0.0,1.0
2018-02-07,32,20180207,7278.0,6956.0,7293.0,6956.0,,-999,-999,-999,-999,-999,-999,-999,-999,-999,-999,-999,-999,-999,-999,-999,-999,-322.0,-4.424292,0.955757,,,1.0,,0,0,0,0,0,0.0,0.0,,False,0.0,0.0,3.0,0.0,1.0
2018-02-08,33,20180208,6880.0,6754.0,6886.0,6666.0,,-999,-999,-999,-999,-999,-999,-999,-999,-999,-999,-999,-999,-999,-999,-999,-999,-126.0,-1.831395,0.981686,,,1.0,,0,0,0,0,0,0.0,0.0,,False,0.0,0.0,3.0,0.0,1.0
2018-02-09,34,20180209,6765.0,6745.0,6825.0,6699.0,,-999,-999,-999,-999,-999,-999,-999,-999,-999,-999,-999,-999,-999,-999,-999,-999,-20.0,-0.295639,0.997044,,,1.0,,0,0,0,0,0,0.0,0.0,,False,0.0,0.0,3.0,0.0,1.0
2018-02-12,35,20180212,6751.0,6803.0,6882.0,6731.0,,-999,-999,-999,-999,-999,-999,-999,-999,-999,-999,-999,-999,-999,-999,-999,-999,52.0,0.770256,1.007703,,,1.0,,0,0,0,0,0,0.0,0.0,,False,0.0,0.0,3.0,0.0,1.0
2018-02-13,36,20180213,6806.0,6765.0,6847.0,6740.0,,-999,-999,-999,-999,-999,-999,-999,-999,-999,-999,-999,-999,-999,-999,-999,-999,-41.0,-0.60241,0.993976,,,1.0,,0,0,0,0,0,0.0,0.0,,False,0.0,0.0,3.0,0.0,1.0
2018-02-14,37,20180214,6797.0,6621.0,6812.0,6554.0,,-999,-999,-999,-999,-999,-999,-999,-999,-999,-999,-999,-999,-999,-999,-999,-999,-176.0,-2.589378,0.974106,,,1.0,,0,0,0,0,0,0.0,0.0,,False,0.0,0.0,3.0,0.0,1.0
2018-02-22,38,20180222,6599.0,6481.0,6622.0,6480.0,,-999,-999,-999,-999,-999,-999,-999,-999,-999,-999,-999,-999,-999,-999,-999,-999,-118.0,-1.78815,0.982119,,,1.0,,0,0,0,0,0,0.0,0.0,,False,0.0,0.0,3.0,0.0,1.0
2018-02-23,39,20180223,6483.0,6846.0,6846.0,6472.0,,-999,-999,-999,-999,-999,-999,-999,-999,-999,-999,-999,-999,-999,-999,-999,-999,363.0,5.59926,1.055993,,,1.0,,0,0,0,0,0,0.0,0.0,,False,0.0,0.0,3.0,0.0,1.0
2018-02-26,40,20180226,6960.0,6956.0,7061.0,6883.0,,-999,-999,-999,-999,-999,-999,-999,-999,-999,-999,-999,-999,-999,-999,-999,-999,-4.0,-0.057471,0.999425,,,1.0,,0,0,0,0,0,0.0,0.0,,False,0.0,0.0,3.0,0.0,1.0
2018-02-27,41,20180227,6947.0,7083.0,7148.0,6889.0,,-999,-999,-999,-999,-999,-999,-999,-999,-999,-999,-999,-999,-999,-999,-999,-999,136.0,1.95768,1.019577,,,1.0,,0,0,0,0,0,0.0,0.0,,False,0.0,0.0,3.0,0.0,1.0
2018-02-28,42,20180228,7080.0,7098.0,7123.0,7036.0,,-999,-999,-999,-999,-999,-999,-999,-999,-999,-999,-999,-999,-999,-999,-999,-999,18.0,0.254237,1.002542,,,1.0,,0,0,0,0,0,0.0,0.0,,False,0.0,0.0,3.0,0.0,1.0
2018-03-01,43,20180301,7090.0,7131.0,7186.0,7050.0,,-999,-999,-999,-999,-999,-999,-999,-999,-999,-999,-999,-999,-999,-999,-999,-999,41.0,0.578279,1.005783,,,1.0,,0,0,0,0,0,0.0,0.0,,False,0.0,0.0,3.0,0.0,1.0
2018-03-02,44,20180302,7113.0,7016.0,7168.0,6977.0,,-999,-999,-999,-999,-999,-999,-999,-999,-999,-999,-999,-999,-999,-999,-999,-999,-97.0,-1.3637,0.986363,,,1.0,,0,0,0,0,0,0.0,0.0,,False,0.0,0.0,3.0,0.0,1.0
2018-03-05,45,20180305,7005.0,7026.0,7052.0,6945.0,,-999,-999,-999,-999,-999,-999,-999,-999,-999,-999,-999,-999,-999,-999,-999,-999,21.0,0.299786,1.002998,,,1.0,,0,0,0,0,0,0.0,0.0,,False,0.0,0.0,3.0,0.0,1.0
2018-03-06,46,20180306,7026.0,7218.0,7308.0,7020.0,,-999,-999,-999,-999,-999,-999,-999,-999,-999,-999,-999,-999,-999,-999,-999,-999,192.0,2.732707,1.027327,,,1.0,,0,0,0,0,0,0.0,0.0,,False,0.0,0.0,3.0,0.0,1.0
2018-03-07,47,20180307,7215.0,7185.0,7237.0,7150.0,,-999,-999,-999,-999,-999,-999,-999,-999,-999,-999,-999,-999,-999,-999,-999,-999,-30.0,-0.4158,0.995842,,,1.0,,0,0,0,0,0,0.0,0.0,,False,0.0,0.0,3.0,0.0,1.0
2018-03-08,48,20180308,7184.0,7132.0,7199.0,7084.0,,-999,-999,-999,-999,-999,-999,-999,-999,-999,-999,-999,-999,-999,-999,-999,-999,-52.0,-0.723831,0.992762,,,1.0,,0,0,0,0,0,0.0,0.0,,False,0.0,0.0,3.0,0.0,1.0
2018-03-09,49,20180309,7129.0,7212.0,7246.0,7114.0,,-999,-999,-999,-999,-999,-999,-999,-999,-999,-999,-999,-999,-999,-999,-999,-999,83.0,1.164259,1.011643,,,1.0,,0,0,0,0,0,0.0,0.0,,False,0.0,0.0,3.0,0.0,1.0
2018-03-12,50,20180312,7252.0,7030.0,7310.0,7006.0,,-999,-999,-999,-999,-999,-999,-999,-999,-999,-999,-999,-999,-999,-999,-999,-999,-222.0,-3.061224,0.969388,,,1.0,,0,0,0,0,0,0.0,0.0,,False,0.0,0.0,3.0,0.0,1.0
2018-03-13,51,20180313,7029.0,7042.0,7084.0,6983.0,,-999,-999,-999,-999,-999,-999,-999,-999,-999,-999,-999,-999,-999,-999,-999,-999,13.0,0.184948,1.001849,,,1.0,,0,0,0,0,0,0.0,0.0,,False,0.0,0.0,3.0,0.0,1.0
2018-03-14,52,20180314,7041.0,7023.0,7068.0,6997.0,,-999,-999,-999,-999,-999,-999,-999,-999,-999,-999,-999,-999,-999,-999,-999,-999,-18.0,-0.255646,0.997444,,,1.0,,0,0,0,0,0,0.0,0.0,,False,0.0,0.0,3.0,0.0,1.0
2018-03-15,53,20180315,6995.0,6923.0,7000.0,6894.0,,-999,-999,-999,-999,-999,-999,-999,-999,-999,-999,-999,-999,-999,-999,-999,-999,-72.0,-1.029307,0.989707,,,1.0,,0,0,0,0,0,0.0,0.0,,False,0.0,0.0,3.0,0.0,1.0
2018-03-16,54,20180316,6914.0,7048.0,7051.0,6907.0,,-999,-999,-999,-999,-999,-999,-999,-999,-999,-999,-999,-999,-999,-999,-999,-999,134.0,1.938097,1.019381,,,1.0,,0,0,0,0,0,0.0,0.0,,False,0.0,0.0,3.0,0.0,1.0
2018-03-19,55,20180319,7043.0,7030.0,7078.0,6976.0,,-999,-999,-999,-999,-999,-999,-999,-999,-999,-999,-999,-999,-999,-999,-999,-999,-13.0,-0.18458,0.998154,,,1.0,,0,0,0,0,0,0.0,0.0,,False,0.0,0.0,3.0,0.0,1.0
2018-03-20,56,20180320,7015.0,7000.0,7029.0,6946.0,,-999,-999,-999,-999,-999,-999,-999,-999,-999,-999,-999,-999,-999,-999,-999,-999,-15.0,-0.213828,0.997862,,,1.0,,0,0,0,0,0,0.0,0.0,,False,0.0,0.0,3.0,0.0,1.0
2018-03-21,57,20180321,7014.0,7075.0,7143.0,7007.0,,-999,-999,-999,-999,-999,-999,-999,-999,-999,-999,-999,-999,-999,-999,-999,-999,61.0,0.869689,1.008697,,,1.0,,0,0,0,0,0,0.0,0.0,,False,0.0,0.0,3.0,0.0,1.0
2018-03-22,58,20180322,7262.0,7217.0,7312.0,7198.0,,-999,-999,-999,-999,-999,-999,-999,-999,-999,-999,-999,-999,-999,-999,-999,-999,-45.0,-0.619664,0.993803,,,1.0,,0,0,0,0,0,0.0,0.0,,False,0.0,0.0,3.0,0.0,1.0
2018-03-23,59,20180323,7184.0,7345.0,7360.0,7145.0,,-999,-999,-999,-999,-999,-999,-999,-999,-999,-999,-999,-999,-999,-999,-999,-999,161.0,2.241091,1.022411,,,1.0,,0,0,0,0,0,0.0,0.0,,False,0.0,0.0,3.0,0.0,1.0
2018-03-26,60,20180326,7371.0,7399.0,7410.0,7309.0,,-999,-999,-999,-999,-999,-999,-999,-999,-999,-999,-999,-999,-999,-999,-999,-999,28.0,0.379867,1.003799,,,1.0,,0,0,0,0,0,0.0,0.0,,False,0.0,0.0,3.0,0.0,1.0
2018-03-27,61,20180327,7412.0,7303.0,7418.0,7261.0,,-999,-999,-999,-999,-999,-999,-999,-999,-999,-999,-999,-999,-999,-999,-999,-999,-109.0,-1.470588,0.985294,,,1.0,,0,0,0,0,0,0.0,0.0,,False,0.0,0.0,3.0,0.0,1.0
2018-03-28,62,20180328,7306.0,7332.0,7357.0,7256.0,,-999,-999,-999,-999,-999,-999,-999,-999,-999,-999,-999,-999,-999,-999,-999,-999,26.0,0.355872,1.003559,,,1.0,,0,0,0,0,0,0.0,0.0,,False,0.0,0.0,3.0,0.0,1.0
2018-03-29,63,20180329,7337.0,7224.0,7339.0,7192.0,,-999,-999,-999,-999,-999,-999,-999,-999,-999,-999,-999,-999,-999,-999,-999,-999,-113.0,-1.540139,0.984599,,,1.0,,0,0,0,0,0,0.0,0.0,,False,0.0,0.0,3.0,0.0,1.0
2018-03-30,64,20180330,7238.0,7270.0,7292.0,7175.0,,-999,-999,-999,-999,-999,-999,-999,-999,-999,-999,-999,-999,-999,-999,-999,-999,32.0,0.442111,1.004421,,,1.0,,0,0,0,0,0,0.0,0.0,,False,0.0,0.0,3.0,0.0,1.0
2018-04-02,65,20180402,7301.0,7419.0,7445.0,7237.0,,-999,-999,-999,-999,-999,-999,-999,-999,-999,-999,-999,-999,-999,-999,-999,-999,118.0,1.616217,1.016162,,,1.0,,0,0,0,0,0,0.0,0.0,,False,0.0,0.0,3.0,0.0,1.0
2018-04-03,66,20180403,7406.0,7401.0,7436.0,7359.0,,-999,-999,-999,-999,-999,-999,-999,-999,-999,-999,-999,-999,-999,-999,-999,-999,-5.0,-0.067513,0.999325,,,1.0,,0,0,0,0,0,0.0,0.0,,False,0.0,0.0,3.0,0.0,1.0
2018-04-04,67,20180404,7401.0,7194.0,7418.0,7186.0,,-999,-999,-999,-999,-999,-999,-999,-999,-999,-999,-999,-999,-999,-999,-999,-999,-207.0,-2.796919,0.972031,,,1.0,,0,0,0,0,0,0.0,0.0,,False,0.0,0.0,3.0,0.0,1.0
2018-04-09,68,20180409,7266.0,7319.0,7345.0,7221.0,,-999,-999,-999,-999,-999,-999,-999,-999,-999,-999,-999,-999,-999,-999,-999,-999,53.0,0.729425,1.007294,,,1.0,,0,0,0,0,0,0.0,0.0,,False,0.0,0.0,3.0,0.0,1.0
2018-04-10,69,20180410,7324.0,7313.0,7364.0,7266.0,,-999,-999,-999,-999,-999,-999,-999,-999,-999,-999,-999,-999,-999,-999,-999,-999,-11.0,-0.150191,0.998498,,,1.0,,0,0,0,0,0,0.0,0.0,,False,0.0,0.0,3.0,0.0,1.0
2018-04-11,70,20180411,7320.0,7324.0,7399.0,7280.0,,-999,-999,-999,-999,-999,-999,-999,-999,-999,-999,-999,-999,-999,-999,-999,-999,4.0,0.054645,1.000546,,,1.0,,0,0,0,0,0,0.0,0.0,,False,0.0,0.0,3.0,0.0,1.0
2018-04-12,71,20180412,7349.025056947608,7385.51993166287,7387.605353075171,7278.120728929385,,-999,-999,-999,-999,-999,-999,-999,-999,-999,-999,-999,-999,-999,-999,-999,-999,36.494875,0.496595,1.004966,,,1.0,,0,0,0,0,0,0.0,0.0,,False,0.0,0.0,3.0,0.0,1.0
2018-04-13,72,20180413,7400.117881548975,7468.936788154898,7474.150341685649,7303.145785876994,,-999,-999,-999,-999,-999,-999,-999,-999,-999,-999,-999,-999,-999,-999,-999,-999,68.818907,0.92997,1.0093,,,1.0,,0,0,0,0,0,0.0,0.0,,False,0.0,0.0,3.0,0.0,1.0
2018-04-16,73,20180416,7448.082574031891,7458.509681093394,7514.816059225514,7414.71583143508,,-999,-999,-999,-999,-999,-999,-999,-999,-999,-999,-999,-999,-999,-999,-999,-999,10.427107,0.139997,1.0014,,,1.0,,0,0,0,0,0,0.0,0.0,,False,0.0,0.0,3.0,0.0,1.0
2018-04-17,74,20180417,7430.356492027335,7419.929384965832,7435.570045558087,7327.128132118452,,-999,-999,-999,-999,-999,-999,-999,-999,-999,-999,-999,-999,-999,-999,-999,-999,-10.427107,-0.140331,0.998597,,,1.0,,0,0,0,0,0,0.0,0.0,,False,0.0,0.0,3.0,0.0,1.0
2018-04-18,75,20180418,7422.014806378132,7469.979498861047,7505.43166287016,7396.989749430524,,-999,-999,-999,-999,-999,-999,-999,-999,-999,-999,-999,-999,-999,-999,-999,-999,47.964692,0.646249,1.006462,,,1.0,,0,0,0,0,0,0.0,0.0,,False,0.0,0.0,3.0,0.0,1.0
2018-04-19,76,20180419,7476.23576309795,7461.637813211844,7485.620159453303,7380.306378132118,,-999,-999,-999,-999,-999,-999,-999,-999,-999,-999,-999,-999,-999,-999,-999,-999,-14.59795,-0.195258,0.998047,,,1.0,,0,0,0,0,0,0.0,0.0,,False,0.0,0.0,3.0,0.0,1.0
2018-04-20,77,20180420,7433.484624145785,7480.406605922551,7510.645216400912,7398.032460136673,,-999,-999,-999,-999,-999,-999,-999,-999,-999,-999,-999,-999,-999,-999,-999,-999,46.921982,0.631225,1.006312,,,1.0,,0,0,0,0,0,0.0,0.0,,False,0.0,0.0,3.0,0.0,1.0
2018-04-23,78,20180423,7545.054669703872,7822.415717539863,7822.415717539864,7529.414009111616,,-999,-999,-999,-999,-999,-999,-999,-999,-999,-999,-999,-999,-999,-999,-999,-999,277.361048,3.676064,1.036761,,,1.0,,0,0,0,0,0,0.0,0.0,,False,0.0,0.0,3.0,0.0,1.0
2018-04-24,79,20180424,7825.543849658314,7849.526195899773,7876.636674259682,7790.091685649201,,-999,-999,-999,-999,-999,-999,-999,-999,-999,-999,-999,-999,-999,-999,-999,-999,23.982346,0.306462,1.003065,,,1.0,,0,0,0,0,0,0.0,0.0,,False,0.0,0.0,3.0,0.0,1.0
2018-04-25,80,20180425,7820.330296127561,7815.116742596811,7829.714692482917,7744.212414578587,,1,1,1,1,1,1,1,1,1,1,1,1,1,1,1,1,-5.213554,-0.066667,0.999333,False,,1.0,0_0.0,-1,0,0,0,0,161.620159,142.111383,7183.379567,False,0.0,0.0,3.0,0.0,1.0
2018-04-26,81,20180426,7802.604214123005,8089.349658314351,8163.382118451026,7777.579157175397,,1,1,1,1,1,1,1,1,1,1,1,1,1,1,1,1,286.745444,3.674997,1.03675,False,,1.0,0_0.0,-1,0,0,0,0,161.620159,139.659252,7199.60656,False,0.0,0.0,3.0,0.0,1.0
2018-04-27,82,20180427,8093.520501138951,8104.990318906606,8256.183371298406,7993.420273348517,,1,1,1,1,1,1,1,1,1,1,1,1,1,1,1,1,11.469818,0.141716,1.001417,False,,1.0,0_0.0,-1,0,0,0,0,229.917711,155.471191,7222.586367,False,0.0,0.0,3.0,0.0,1.0
2018-05-02,83,20180502,8228.030182232345,8275.994874715263,8328.130410022779,8125.84453302961,,1,1,1,1,1,1,1,1,1,1,1,1,1,1,1,1,47.964692,0.582943,1.005829,False,,1.0,0_0.0,-1,0,0,0,0,210.106207,158.69255,7253.026264,False,0.0,0.0,3.0,0.0,1.0
2018-05-03,84,20180503,8271.82403189066,8283.293849658316,8294.763667425968,8179.022779043277,,1,1,1,1,1,1,1,1,1,1,1,1,1,1,1,1,11.469818,0.138661,1.001387,False,,1.0,0_0.0,-1,0,0,0,0,244.254983,167.289026,7283.792141,False,0.0,0.0,3.0,0.0,1.0
2018-05-04,85,20180504,8270.781321184508,8166.510250569477,8282.251138952164,8020.530751708426,,1,1,1,1,1,1,1,1,1,1,1,1,1,1,1,1,-104.271071,-1.260716,0.987393,False,,1.0,0_0.0,-1,0,0,0,0,246.86176,160.450255,7311.062346,False,0.0,0.0,3.0,0.0,1.0
2018-05-07,86,20180507,8174.851936218677,8196.748861047838,8258.268792710705,8139.399772209565,,1,1,1,1,1,1,1,1,1,1,1,1,1,1,1,1,21.896925,0.267857,1.002679,False,,1.0,0_0.0,-1,0,0,0,0,216.101794,167.024554,7339.697323,False,0.0,0.0,3.0,0.0,1.0
2018-05-08,87,20180508,8198.834282460135,8410.504555808659,8433.444191343962,8146.698747152616,,1,1,1,1,1,1,1,1,1,1,1,1,1,1,1,1,211.670273,2.581712,1.025817,False,,1.0,0_0.0,-1,0,0,0,0,180.128275,168.252144,7375.487415,False,0.0,0.0,3.0,0.0,1.0
2018-05-09,88,20180509,8413.632687927106,8440.743166287019,8493.921412300682,8357.326309794986,,1,1,1,1,1,1,1,1,1,1,1,1,1,1,1,1,27.110478,0.322221,1.003222,False,,1.0,0_0.0,-1,0,0,0,0,196.029613,178.119523,7414.682278,False,0.0,0.0,3.0,0.0,1.0
2018-05-10,89,20180510,8438.657744874714,8426.145216400913,8479.323462414579,8368.79612756264,,1,1,1,1,1,1,1,1,1,1,1,1,1,1,1,1,-12.512528,-0.148276,0.998517,False,,1.0,0_0.0,-1,0,0,0,0,201.243167,179.714257,7446.285182,False,0.0,0.0,3.0,0.0,1.0
2018-05-11,90,20180511,8414.675398633255,8489.750569476084,8500.177676537585,8393.821184510247,,1,1,1,1,1,1,1,1,1,1,1,1,1,1,1,1,75.075171,0.892193,1.008922,False,,1.0,0_0.0,-1,0,0,0,0,163.184226,176.156773,7476.960194,False,0.0,0.0,3.0,0.0,1.0
2018-05-14,91,20180514,8526.245444191341,8848.443052391802,8848.443052391798,8508.519362186784,,1,1,1,1,1,1,1,1,1,1,1,1,1,1,1,1,322.197608,3.778892,1.037789,False,,1.0,0_0.0,-1,0,0,0,0,160.056094,176.524789,7512.269055,False,0.0,0.0,3.0,0.0,1.0
2018-05-15,92,20180515,8899.535876993164,9378.140091116176,9379.182801822322,8887.023348519358,,1,1,1,1,1,1,1,1,1,1,1,1,1,1,1,1,478.604214,5.377856,1.053779,False,,1.0,0_0.0,-1,0,0,0,0,178.042853,189.89602,7557.871856,False,0.0,0.0,3.0,0.0,1.0
2018-05-16,93,20180516,9363.542141230066,9282.210706150345,9629.433371298404,9260.31378132118,,1,1,1,1,1,1,1,1,1,1,1,1,1,1,1,1,-81.331435,-0.868597,0.991314,False,,1.0,0_0.0,-1,0,0,0,0,276.579015,214.73707,7600.896071,False,0.0,0.0,3.0,0.0,1.0
2018-05-17,94,20180517,9267.612756264234,9434.446469248294,9503.265375854213,9173.768792710702,,1,1,1,1,1,1,1,1,1,1,1,1,1,1,1,1,166.833713,1.80018,1.018002,False,,1.0,0_0.0,-1,0,0,0,0,341.227079,230.255058,7649.265,False,0.0,0.0,3.0,0.0,1.0
2018-05-18,95,20180518,9462.599658314348,9539.760250569478,9673.22722095672,9438.617312072887,,1,1,1,1,1,1,1,1,1,1,1,1,1,1,1,1,77.160592,0.815427,1.008154,False,,1.0,0_0.0,-1,0,0,0,0,397.012101,243.01293,7699.540205,False,0.0,0.0,3.0,0.0,1.0
2018-05-21,96,20180521,9466.770501138948,9527.247722095672,9576.255125284735,9292.63781321184,,1,1,1,1,1,1,1,1,1,1,1,1,1,1,1,1,60.477221,0.638837,1.006388,False,,1.0,0_0.0,-1,0,0,0,0,367.034168,236.940674,7745.725159,False,0.0,0.0,3.0,0.0,1.0
2018-05-22,97,20180522,9540.802961275622,9809.822323462417,9842.146355353074,9539.76025056947,,1,1,1,1,1,1,1,1,1,1,1,1,1,1,1,1,269.019362,2.819672,1.028197,False,,1.0,0_0.0,-1,0,0,0,0,305.253559,248.533164,7798.221606,False,0.0,0.0,3.0,0.0,1.0
2018-05-23,98,20180523,9842.14635535307,9632.56150341686,9933.904897494303,9390.652619589971,,1,1,1,1,1,1,1,1,1,1,1,1,1,1,1,1,-209.584852,-2.129463,0.978705,False,,1.0,0_0.0,-1,0,0,0,0,291.69832,260.861684,7848.232836,False,0.0,0.0,3.0,0.0,1.0
2018-05-24,99,20180524,9660.71469248291,9530.375854214126,9695.124145785876,9473.026765375847,,1,1,1,1,1,1,1,1,1,1,1,1,1,1,1,1,-130.338838,-1.349164,0.986508,False,,1.0,0_0.0,-1,0,0,0,0,345.137244,270.123409,7894.600353,False,0.0,0.0,3.0,0.0,1.0
2018-05-25,100,20180525,9511.607061503411,9612.750000000004,9619.0062642369,9438.617312072884,,1,1,1,1,1,1,1,1,1,1,1,1,1,1,1,1,101.142938,1.063363,1.010634,False,,1.0,0_0.0,-1,0,0,0,0,340.966401,267.731308,7946.255353,False,0.0,0.0,3.0,0.0,1.0
2018-05-28,101,20180528,9652.373006833708,9474.069476082008,9710.76480637813,9473.026765375847,,1,1,1,1,1,1,1,1,1,1,1,1,1,1,1,1,-178.303531,-1.847251,0.981527,False,,1.0,0_0.0,-1,0,0,0,0,315.159311,265.216535,7994.896743,False,0.0,0.0,3.0,0.0,1.0
2018-05-29,102,20180529,9493.880979498856,9690.953302961278,9707.63667425968,9428.190205011384,,1,1,1,1,1,1,1,1,1,1,1,1,1,1,1,1,197.072323,2.075783,1.020758,False,,1.0,0_0.0,-1,0,0,0,0,295.869163,272.392838,8048.255809,False,0.0,0.0,3.0,0.0,1.0
2018-05-30,103,20180530,9665.928246013662,9671.14179954442,9784.797266514806,9602.322892938491,,1,1,1,1,1,1,1,1,1,1,1,1,1,1,1,1,5.213554,0.053937,1.000539,False,,1.0,0_0.0,-1,0,0,0,0,229.91771,273.374213,8103.218645,False,0.0,0.0,3.0,0.0,1.0
2018-05-31,104,20180531,9721.191913439628,9704.508542141231,9949.54555808656,9661.757403189062,,1,1,1,1,1,1,1,1,1,1,1,1,1,1,1,1,-16.683371,-0.171619,0.998284,False,,1.0,0_0.0,-1,0,0,0,0,220.011959,277.115704,8156.348815,False,0.0,0.0,3.0,0.0,1.0
2018-06-01,105,20180601,9706.593963553523,9800.437927107065,9806.694191343964,9671.141799544414,,1,1,1,1,1,1,1,1,1,1,1,1,1,1,1,1,93.843964,0.966806,1.009668,False,,1.0,0_0.0,-1,0,0,0,0,246.86176,277.17704,8211.757574,False,0.0,0.0,3.0,0.0,1.0
2018-06-04,106,20180604,9799.395216400902,9746.216970387246,9818.164009111617,9636.732346241452,,1,1,1,1,1,1,1,1,1,1,1,1,1,1,1,1,-53.178246,-0.542669,0.994573,False,,1.0,0_0.0,-1,0,0,0,0,221.315348,277.115704,8266.681913,False,0.0,0.0,3.0,0.0,1.0
2018-06-05,107,20180605,9762.90034168564,9530.375854214126,9770.1993166287,9355.200455580858,,1,1,1,1,1,1,1,1,1,1,1,1,1,1,1,1,-232.524487,-2.381715,0.976183,False,,1.0,0_0.0,-1,0,0,0,0,196.811646,281.286547,8315.789431,False,0.0,0.0,3.0,0.0,1.0
2018-06-06,108,20180606,9509.521640091109,9525.162300683374,9587.724943052392,9471.984054669696,,1,1,1,1,1,1,1,1,1,1,1,1,1,1,1,1,15.640661,0.164474,1.001645,False,,1.0,0_0.0,-1,0,0,0,0,254.942768,299.44198,8361.952677,False,0.0,0.0,3.0,0.0,1.0
2018-06-07,109,20180607,9548.101936218667,9512.64977220957,9574.169703872438,9443.830865603635,,0,1,1,1,1,1,1,1,1,1,1,1,1,1,1,1,-35.452164,-0.371301,0.996287,False,,1.0,0_0.0,-1,0,0,0,0,211.930951,285.15071,8405.305672,False,0.0,0.0,3.0,0.0,1.0
2018-06-08,110,20180608,9475.112186788148,9026.746583143513,9475.112186788156,9026.7465831435,,0,0,0,0,1,1,1,1,1,0,1,1,1,1,1,1,-448.365604,-4.732035,0.95268,False,,1.0,0_0.0,-1,0,0,0,0,210.627562,261.597715,8437.860604,False,0.0,0.0,3.0,0.0,1.0
2018-06-11,111,20180611,8946.457858769923,9107.035307517086,9140.402050113897,8946.457858769923,,0,0,0,0,0,1,1,1,1,0,1,1,1,1,1,1,160.577449,1.794872,1.017949,False,,1.0,0_0.0,-1,0,0,0,0,286.745444,268.467339,8473.94131,False,0.0,0.0,3.0,0.0,1.0
2018-06-12,112,20180612,9118.50512528473,9525.162300683374,9525.162300683372,9104.949886104776,,0,0,0,0,0,1,0,1,1,0,1,1,1,1,1,1,406.657175,4.459691,1.044597,False,,1.0,0_0.0,-1,0,0,0,0,231.481776,260.493669,8517.804556,False,0.0,0.0,3.0,0.0,1.0
2018-06-13,113,20180613,9534.546697038715,10002.72380410023,10008.98006833713,9534.546697038715,,0,0,0,0,0,1,0,1,1,1,1,1,1,1,1,1,468.177107,4.910324,1.049103,False,,1.0,0_0.0,-1,0,0,0,0,307.599658,271.166119,8573.379032,False,0.0,0.0,3.0,0.0,1.0
2018-06-14,114,20180614,10011.06548974942,10021.49259681094,10072.5854214123,9860.915148063774,,0,0,0,0,0,1,0,1,1,1,1,1,1,1,1,1,10.427107,0.104156,1.001042,False,,1.0,0_0.0,-1,0,0,0,0,395.969391,282.942617,8628.408884,False,0.0,0.0,3.0,0.0,1.0
2018-06-15,115,20180615,10094.48234624145,10365.58712984055,10374.9715261959,9889.068337129836,,1,1,1,0,1,1,0,1,1,1,1,1,1,1,1,1,271.104784,2.685673,1.026857,False,,1.0,0_0.0,-1,0,0,0,0,327.411162,276.87036,8687.340626,False,0.0,0.0,3.0,0.0,1.0
2018-06-19,116,20180619,10446.91856492026,10439.61958997722,10630.43564920273,10208.13781321184,,1,1,1,1,1,1,1,1,1,1,1,1,1,1,1,1,-7.298975,-0.069867,0.999301,False,,1.0,0_0.0,-1,0,0,0,0,400.400911,273.496885,8748.113018,False,0.0,0.0,3.0,0.0,1.0
2018-06-20,117,20180620,10422.93621867881,10062.1583143508,10422.93621867882,10012.10820045558,,1,1,1,1,1,1,1,1,1,1,1,1,1,1,1,1,-360.777904,-3.461385,0.965386,False,,1.0,0_0.0,-1,0,0,0,0,400.922266,285.273382,8805.476185,False,0.0,0.0,3.0,0.0,1.0
2018-06-21,118,20180621,9957.887243735757,9588.767653758545,10070.5,9588.767653758538,,1,1,1,1,1,1,1,1,1,0,0,1,1,1,1,1,-369.11959,-3.706806,0.962932,False,,1.0,0_0.0,-1,0,0,0,0,386.845672,299.809996,8850.871538,False,0.0,0.0,3.0,0.0,1.0
2018-06-22,119,20180622,9604.408314350789,9988.125854214126,10008.98006833713,9574.169703872432,,1,1,1,1,1,1,1,1,1,1,1,1,1,1,1,1,383.71754,3.995223,1.039952,False,,1.0,0_0.0,-1,0,0,0,0,454.36119,314.162602,8904.374055,False,0.0,0.0,3.0,0.0,1.0
2018-06-25,120,20180625,10040.26138952163,9773.327448747155,10081.96981776766,9693.038724373571,,1,1,1,1,1,1,1,1,1,0,1,1,1,1,1,1,-266.933941,-2.658635,0.973414,False,,1.0,0_0.0,-1,0,0,0,0,441.587984,323.301655,8953.360604,False,0.0,0.0,3.0,0.0,1.0
2018-06-26,121,20180626,9719.106492027326,9738.917995444192,9788.96810933941,9491.795558086556,,0,1,1,1,1,1,1,1,1,0,1,1,1,1,1,1,19.811503,0.203841,1.002038,False,,1.0,0_0.0,-1,0,0,0,0,433.246298,335.446168,9000.428565,False,0.0,0.0,3.0,0.0,1.0
2018-06-27,122,20180627,9749.345102505686,9691.996013667427,9826.505694760825,9613.792710706144,,0,0,0,1,1,1,1,1,1,1,1,0,1,1,1,1,-57.349089,-0.588235,0.994118,False,,1.0,0_0.0,-1,0,0,0,0,400.661588,335.998191,9044.889749,False,0.0,0.0,3.0,0.0,1.0
2018-06-28,123,20180628,9733.70444191343,9888.025626423692,9935.990318906608,9720.14920273348,,0,0,1,1,1,1,1,1,1,1,1,1,1,1,1,1,154.321185,1.585431,1.015854,False,,1.0,0_0.0,-1,0,0,0,0,333.406748,340.537049,9093.480068,False,0.0,0.0,3.0,0.0,1.0
2018-06-29,124,20180629,9889.068337129833,10097.61047835991,10127.84908883827,9790.010820045552,,0,0,1,1,1,1,1,1,1,1,1,1,1,1,1,1,208.542141,2.108815,1.021088,False,,1.0,0_0.0,-1,0,0,0,0,285.702733,344.217205,9147.03369,False,0.0,0.0,3.0,0.0,1.0
2018-07-02,125,20180702,10047.56036446468,9798.352505694762,10101.78132118451,9764.985763097944,,0,0,0,0,1,1,1,1,1,1,0,1,1,1,1,1,-249.207859,-2.480282,0.975197,False,,1.0,0_0.0,-1,0,0,0,0,272.929527,339.678346,9193.60115,False,0.0,0.0,3.0,0.0,1.0
2018-07-03,126,20180703,9773.327448747144,9950.588268792711,10018.36446469249,9730.576309794984,,0,0,0,0,1,1,1,1,1,1,1,1,1,1,1,1,177.26082,1.81372,1.018137,False,,1.0,0_0.0,-1,0,0,0,0,282.835279,352.681562,9243.380159,False,0.0,0.0,3.0,0.0,1.0
2018-07-04,127,20180704,9917.22152619589,9817.121298405467,9957.887243735766,9764.985763097944,,0,0,0,0,1,1,1,1,1,1,1,1,1,1,1,1,-100.100228,-1.009358,0.989906,False,,1.0,0_0.0,-1,0,0,0,0,301.604072,361.943287,9290.114453,False,0.0,0.0,3.0,0.0,1.0
2018-07-05,128,20180705,9750.387813211835,9728.490888382688,9799.395216400912,9579.383257403184,,1,0,0,0,1,1,1,1,1,0,1,1,1,1,1,1,-21.896925,-0.224575,0.997754,False,,1.0,0_0.0,-1,0,0,0,0,288.830866,344.707892,9328.235957,False,0.0,0.0,3.0,0.0,1.0
2018-07-06,129,20180706,9801.480637813202,9773.327448747154,9869.256833712983,9624.219817767647,,0,0,0,0,1,1,1,1,1,0,1,1,1,1,1,1,-28.153189,-0.287234,0.997128,False,,1.0,0_0.0,-1,0,0,0,0,263.805809,347.284001,9366.711982,False,0.0,0.0,3.0,0.0,1.0
2018-07-09,130,20180709,9864.043280182224,9892.196469248292,9929.734054669703,9710.764806378123,,0,0,0,0,0,1,0,1,1,0,1,1,1,1,1,1,28.153189,0.285412,1.002854,False,,1.0,0_0.0,-1,0,0,0,0,240.866173,336.979566,9408.253576,False,0.0,0.0,3.0,0.0,1.0
2018-07-10,131,20180710,9892.196469248282,9869.256833712983,9957.887243735764,9826.505694760814,,0,0,0,0,0,1,0,1,1,0,1,1,1,1,1,1,-22.939636,-0.231896,0.997681,False,,1.0,0_0.0,-1,0,0,0,0,223.661447,321.400241,9443.85172,False,0.0,0.0,3.0,0.0,1.0
2018-07-11,132,20180711,9744.131548974934,9864.043280182234,9896.367312072894,9704.508542141224,,0,0,0,0,0,1,0,1,1,0,1,1,1,1,1,1,119.911731,1.230605,1.012306,False,,1.0,0_0.0,-1,0,0,0,0,208.281464,316.677375,9479.032779,False,0.0,0.0,3.0,0.0,1.0
2018-07-12,133,20180712,9868.812204606988,9729.559611403884,9952.745274482848,9728.605826518924,,0,0,0,0,0,1,0,1,1,1,0,1,1,1,1,1,-139.252593,-1.411037,0.98589,False,,1.0,0_0.0,-1,0,0,0,0,196.811646,299.380644,9508.104074,False,0.0,0.0,3.0,0.0,1.0
2018-07-13,134,20180713,9719.067977669392,9693.315785775676,9761.98829749228,9566.462396076942,,0,0,0,0,0,1,0,1,1,0,0,1,0,1,1,1,-25.752192,-0.264966,0.99735,False,,1.0,0_0.0,-1,0,0,0,0,191.587254,287.724269,9536.304512,False,0.0,0.0,3.0,0.0,1.0
2018-07-16,135,20180716,9665.656024112031,9596.029727510488,9711.43769858978,9538.80263441331,,0,0,0,0,0,0,0,1,1,0,0,1,0,1,1,1,-69.626297,-0.720347,0.992797,False,,1.0,0_0.0,-1,0,0,0,0,185.726417,274.078063,9564.894902,False,0.0,0.0,3.0,0.0,1.0
2018-07-17,136,20180717,9586.491878660949,9318.478325989212,9621.781919404211,9054.27991285727,,0,0,0,0,0,0,0,0,1,0,0,1,0,0,1,1,-268.013553,-2.795742,0.972043,False,,1.0,0_0.0,-1,0,0,0,0,196.039796,255.89587,9587.329491,False,0.0,0.0,3.0,0.0,1.0
2018-07-18,137,20180718,9312.755616679484,9355.675936502372,9410.041674944683,9274.604221281374,,0,0,0,0,0,0,0,0,1,0,0,0,0,0,1,1,42.92032,0.460877,1.004609,False,,1.0,0_0.0,-1,0,0,0,0,289.950605,263.701261,9606.232919,False,0.0,0.0,3.0,0.0,1.0
2018-07-19,138,20180719,9413.856814484485,9845.92136736813,9856.413001102612,9413.856814484488,,0,0,0,0,0,0,0,0,0,0,1,0,1,1,1,1,432.064553,4.589666,1.045897,True,,0.9998,触发开仓_0.0,1,1,1,0,0,267.775106,248.789871,9634.336483,False,0.0,0.0,3.0,-0.0005999999999999339,0.9994000000000001
2018-07-20,139,20180720,9905.056030235197,9899.333320925489,9931.762007013886,9760.080727722368,,0,0,0,0,0,0,0,0,0,0,0,0,1,1,1,1,-5.722709,-0.057776,0.999422,True,,0.9944086856042368,0_9735.913133339367,2,1,1,0,0,344.077898,260.764254,9663.800245,False,9905.056030235197,9735.913133339369,3.0,-0.016177178623014377,0.9832325276841595
2018-07-23,140,20180723,9851.644076677836,9742.912599793224,9898.379536040537,9707.62255904996,,0,0,0,0,0,0,0,0,0,0,0,0,1,1,1,1,-108.731477,-1.103689,0.988963,True,True,0.9825304498849434,平仓(止损)_9735.913133339367,3,0,0,0,0,343.839451,258.350624,9688.863486,False,9905.056030235197,9735.913133339369,3.0,-0.035835072313580074,0.9479983189535335
2018-07-24,141,20180724,9710.483913704817,9809.677541739922,9841.152442943368,9683.77793692614,,0,0,0,0,0,0,0,0,0,0,1,0,1,1,1,1,99.193628,1.021511,1.010215,True,True,0.9825304498849434,0_0.0,-1,0,0,0,0,249.89164,255.275122,9708.088175,False,0.0,0.0,3.0,0.0,0.9479983189535335
2018-07-25,142,20180725,9871.673559261846,9782.971564961244,10051.93890251794,9781.063995191327,,0,0,0,0,0,0,0,0,0,0,1,0,1,1,1,1,-88.701994,-0.898551,0.991014,True,True,0.9825304498849434,0_0.0,-1,0,0,0,0,255.375903,244.659606,9716.184805,False,0.0,0.0,3.0,0.0,0.9479983189535335
2018-07-26,143,20180726,9754.358018412648,9864.997065067186,9888.84168719101,9738.14367536845,,1,0,1,0,0,0,0,0,0,1,0,1,0,1,1,1,110.639047,1.134252,1.011343,True,True,0.9825304498849434,0_0.0,-1,0,0,0,0,197.910363,240.781921,9727.840532,False,0.0,0.0,3.0,0.0,0.9479983189535335
2018-07-27,144,20180727,9874.534913916705,9872.62734414681,9914.593879084736,9769.618576571896,,1,1,1,1,0,0,0,0,0,1,0,0,0,1,1,1,-1.90757,-0.019318,0.999807,True,,0.9823339437949664,触发开仓_0.0,1,1,1,0,0,192.664547,232.717795,9736.60415,False,0.0,0.0,3.0,-0.0005999999999999339,0.9474295199621614
2018-07-30,145,20180730,9899.33332092548,9977.54368149162,10003.29587338535,9829.707024323923,,1,1,1,1,1,0,0,0,0,1,1,1,0,1,1,1,78.210361,0.790057,1.007901,True,,0.9957737183415396,0_9730.288147417361,2,1,1,0,0,180.980682,229.898608,9745.359818,False,9899.33332092548,9730.28814741736,3.0,0.0410444166104631,0.9863162118885395
2018-07-31,146,20180731,10034.77077458878,10212.17476319002,10222.6663969245,9944.161210518265,,1,1,1,1,1,0,1,0,0,1,1,1,0,1,1,1,177.403989,1.767893,1.017679,True,,1.0142297467681718,0_9730.288147417361,2,1,1,0,0,185.034268,226.125126,9759.058359,False,9899.33332092548,9730.28814741736,3.0,0.05560307955517474,1.0411584306847366
2018-08-01,147,20180801,10220.75882715458,10177.83850733172,10289.4313388712,10118.70384446463,,1,1,1,1,1,1,1,1,0,1,1,1,1,1,1,1,-42.92032,-0.419933,0.995801,True,,1.0051437020042917,0_9730.288147417361,2,1,1,0,0,186.941837,228.093842,9766.418683,False,9899.33332092548,9730.28814741736,3.0,-0.026875699888016413,1.0131765691657755
2018-08-02,148,20180802,10129.19547819911,10216.94368761478,10253.18751324299,10029.04806527906,,1,1,1,1,1,1,1,1,0,1,1,1,1,1,1,1,87.748209,0.86629,1.008663,True,,1.0144190393674195,0_9730.288147417361,2,1,1,0,0,191.949208,225.256092,9778.106326,False,9899.33332092548,9730.28814741736,3.0,0.027683615819208196,1.0412249600635841
2018-08-03,149,20180803,10222.66639692449,10477.32696120691,10499.26401356083,10200.72934457058,,1,1,1,1,1,1,1,1,1,1,1,1,1,1,1,1,254.660564,2.491136,1.024911,True,,1.0496274628274564,0_9730.288147417361,2,1,1,0,0,211.740244,230.712439,9797.045349,False,9899.33332092548,9730.28814741736,3.0,0.10412390371337854,1.1496413675492112
2018-08-06,150,20180806,10577.47437412694,10944.6815548338,10995.2321537363,10505.94050775548,,1,1,1,1,1,1,1,1,1,1,1,1,1,1,1,1,367.207181,3.471596,1.034716,True,,1.087959214175078,0_9905.614516432363,2,1,1,0,0,242.976699,236.987491,9823.68398,False,9899.33332092548,9905.614516432364,3.0,0.10955816050496003,1.2755939610183094
2018-08-07,151,20180807,10963.75725253284,10734.84888014418,11155.46801440838,10711.9580429053,,1,1,1,1,1,1,1,1,1,1,1,1,1,1,1,1,-228.908372,-2.087864,0.979121,True,,1.0491542313293385,0_10273.623757049074,2,1,1,0,0,302.826701,254.267829,9848.899568,False,9899.33332092548,10273.623757049074,3.0,-0.10700304480208633,1.1391015232581965
2018-08-08,152,20180808,10572.70544970218,10784.44569416172,10868.37876403757,10558.39867642789,,1,1,1,1,1,1,1,1,1,1,1,1,1,1,1,1,211.740244,2.002706,1.020027,True,,1.0713961117409212,0_10223.301522669704,2,1,1,0,0,371.022321,268.855128,9870.769416,False,9899.33332092548,10223.301522669704,3.0,0.06359945872801043,1.21154776357367
2018-08-09,153,20180809,10796.8448976661,10615.62576952507,10802.56760697583,10520.24728102978,,1,1,1,1,1,1,1,1,1,1,1,1,1,1,1,1,-181.219128,-1.678445,0.983216,True,,1.0510471573218136,0_10180.82171242294,2,1,1,0,0,392.482481,276.934247,9889.659095,False,9899.33332092548,10180.82171242294,3.0,-0.05697879858657218,1.142515227574994
2018-08-10,154,20180810,10591.78114740124,10662.36122888776,10772.04649065734,10569.84409504733,,1,1,1,1,1,1,1,1,1,1,1,1,1,1,1,1,70.580081,0.666367,1.006664,True,,1.0599439094864462,0_10157.294434200903,2,1,1,0,0,388.428895,260.158854,9908.816149,False,9899.33332092548,10157.294434200903,3.0,0.025393966681673596,1.1715282211973381
2018-08-13,155,20180813,10681.4369265868,10763.46242669276,10855.02577564824,10668.08393819747,,1,1,1,1,1,1,1,1,1,1,1,1,1,1,1,1,82.0255,0.767926,1.007679,True,,1.0696924783476938,0_10206.14621350939,2,1,1,0,0,309.503196,264.086203,9928.076639,False,9899.33332092548,10206.14621350939,3.0,0.02759174926332908,1.203852734131529
2018-08-14,156,20180814,10779.67676973695,10911.29908386045,10920.83693270998,10606.08792067553,,1,1,1,1,1,1,1,1,1,1,1,1,1,1,1,1,131.622314,1.221023,1.01221,True,,1.0819964972987812,0_10194.709343647955,2,1,1,0,0,246.791839,245.96429,9951.378281,False,9899.33332092548,10194.709343647955,3.0,0.03450716687311717,1.245394281318864
2018-08-15,157,20180815,10903.66880478081,10867.42497915262,10918.92936294007,10785.39947904667,,1,1,1,1,1,1,1,1,1,1,1,1,1,1,1,1,-36.243826,-0.3324,0.996676,True,,1.0627832984751593,0_10247.482336478799,2,1,1,0,0,247.98407,254.380039,9978.119263,False,9899.33332092548,10247.4823364788,3.0,-0.053271518544435126,1.1790502367664528
2018-08-16,158,20180816,10710.05047313539,10917.02179317016,10964.71103741781,10546.95325780846,,1,1,1,1,1,1,1,1,1,1,1,1,1,1,1,1,206.97132,1.932496,1.019325,True,,1.088527091972821,0_10222.974754876173,2,1,1,0,0,210.78646,250.957635,10005.956453,False,9899.33332092548,10222.974754876172,3.0,0.07266898209991957,1.2647306173169401
2018-08-17,159,20180817,10969.47996184256,11415.8512880005,11415.8512880005,10876.96282800214,,1,1,1,1,1,1,1,1,1,1,1,1,1,1,1,1,446.371326,4.069211,1.040692,True,,1.1359448880843228,0_10238.663878976444,2,1,1,0,0,264.675306,266.274298,10044.020484,False,9899.33332092548,10238.663878976444,3.0,0.13068428832275436,1.4300110379610023
2018-08-20,160,20180820,11447.32618920393,11330.01064835474,11745.86085819418,11299.48953203624,,1,1,1,1,1,1,1,1,1,1,1,1,1,1,1,1,-117.315541,-1.024829,0.989752,True,,1.1230729913354922,0_10671.906308345215,2,1,1,0,0,351.231284,282.039801,10090.085765,False,9899.33332092548,10671.906308345217,3.0,-0.033994334277619664,1.38139876471587
2018-08-21,161,20180821,11317.61144485035,11359.57797978828,11536.98196838951,11208.87996796572,,1,1,1,1,1,1,1,1,1,1,1,1,1,1,1,1,41.966535,0.370807,1.003708,True,,1.1272374285189373,0_10625.995439178496,2,1,1,0,0,384.136863,299.432349,10135.136618,False,9899.33332092548,10625.995439178496,3.0,0.011124220461822931,1.3967657491202592
2018-08-22,162,20180822,11359.57797978827,11315.70387508045,11598.02420102649,11293.76682272653,,1,1,1,1,1,1,1,1,1,1,1,1,1,1,1,1,-43.874105,-0.38623,0.996138,True,,1.1207068338448984,0_10575.346437005597,2,1,1,0,0,432.779892,310.204508,10170.94745,False,9899.33332092548,10575.346437005595,3.0,-0.017380352644835284,1.3724894678383215
2018-08-23,163,20180823,11293.76682272653,10783.49190927677,11403.45208449612,10766.32378134761,,1,1,1,1,1,1,1,1,1,1,1,1,1,1,1,1,-510.274913,-4.518199,0.954818,True,,1.074330147029258,0_10543.976731738845,2,1,1,0,0,404.404791,317.890892,10186.562812,False,9899.33332092548,10543.976731738843,3.0,-0.12414492019255063,1.2021018723884167
2018-08-24,164,20180824,10826.41222909964,10925.60585713474,10964.71103741781,10744.38672899369,,1,1,1,1,1,1,1,1,1,1,1,1,1,1,1,1,99.193628,0.916219,1.009162,True,,1.0866341659803451,0_10521.593140794163,2,1,1,0,0,428.964752,338.986369,10204.645077,False,9899.33332092548,10521.593140794164,3.0,0.03435820632543041,1.243403936544124
2018-08-27,165,20180827,10950.4042641435,11302.35088669111,11307.11981111588,10950.40426414351,,1,1,1,1,1,1,1,1,1,1,1,1,1,1,1,1,351.946623,3.214006,1.03214,True,,1.121369357942265,0_10460.160804346888,2,1,1,0,0,372.452997,341.903829,10223.380352,False,9899.33332092548,10460.160804346888,3.0,0.09589756989809639,1.3626433524604324
2018-08-28,166,20180828,11300.4433169212,11365.30068909799,11432.0656310447,11238.44729939926,,0,1,1,1,1,1,1,1,1,1,1,1,1,1,1,1,64.857372,0.573937,1.005739,True,,1.1243033932306006,0_10451.664841715114,2,1,1,0,0,385.805986,351.161153,10241.893974,False,9899.33332092548,10451.664841715114,3.0,0.007849426063468501,1.3733393207064475
2018-08-29,167,20180829,11330.01064835473,11359.57797978828,11498.8305729914,11261.33813663813,,0,1,1,1,1,1,1,1,1,1,1,1,1,1,1,1,29.567331,0.260965,1.00261,True,,1.1238301617324822,0_10424.706501661014,2,1,1,0,0,358.146224,344.989603,10267.842368,False,9899.33332092548,10424.706501661014,3.0,-0.0012627325532442724,1.3716051604395412
2018-08-30,168,20180830,11325.24172392997,11276.59869479738,11392.00666587668,11059.13574102813,,1,0,1,1,1,1,1,1,1,1,1,1,1,1,1,1,-48.643029,-0.42951,0.995705,True,,1.1185299689535515,0_10442.678730305153,2,1,1,0,0,258.237257,328.494735,10301.598988,False,9899.33332092548,10442.678730305151,3.0,-0.01414855987872754,1.3521989226970905
2018-08-31,169,20180831,11271.82977037261,11377.69989260238,11415.8512880005,11152.60665975351,,1,1,1,1,1,1,1,1,1,1,1,1,1,1,1,1,105.870122,0.939245,1.009392,True,,1.1270481359196904,0_10490.713590129815,2,1,1,0,0,286.373912,321.986556,10329.390469,False,9899.33332092548,10490.713590129815,3.0,0.02284650533085375,1.3830919425928643
2018-09-03,170,20180903,11357.67041001837,11188.85048538172,11394.86802053154,11075.35008407233,,1,1,1,1,1,1,1,1,1,1,1,1,1,1,1,1,-168.819925,-1.486396,0.985136,True,,1.1079295833956906,0_10509.666119242434,2,1,1,0,0,256.80658,319.237411,10357.70093,False,9899.33332092548,10509.666119242434,3.0,-0.050890157877060416,1.3127061752758233
2018-09-04,171,20180904,11165.00586325789,11044.82896775384,11185.03534584192,10859.79470007299,,1,1,1,1,1,1,1,1,1,1,1,1,1,1,1,1,-120.176896,-1.076371,0.989236,True,,1.099316770129929,0_10517.671930183915,2,1,1,0,0,288.281481,321.425506,10383.819149,False,9899.33332092548,10517.671930183917,3.0,-0.023321373654535682,1.2820920640635995
2018-09-05,172,20180905,11078.21143872718,10994.27836885134,11247.9851482488,10979.01781069209,,1,1,0,1,1,1,1,1,1,1,1,1,1,1,1,1,-83.93307,-0.757641,0.992424,True,,1.0874859826769598,0_10511.299958210084,2,1,1,0,0,311.172319,328.88747,10409.864796,False,9899.33332092548,10511.299958210084,3.0,-0.03228583727937884,1.2406986483060591
2018-09-06,173,20180906,10958.98832810808,11136.39231670931,11137.34610159427,10916.0680082852,,0,0,0,1,1,1,1,1,1,1,1,1,1,1,1,1,177.403989,1.618799,1.016188,True,,1.1076456444968197,0_10489.569902852461,2,1,1,0,0,295.196422,333.37587,10434.83213,False,9899.33332092548,10489.56990285246,3.0,0.055613577023498006,1.309698338146578
2018-09-07,174,20180907,11162.14450860303,11162.14450860304,11286.13654364692,11064.85845033785,,0,0,0,0,1,1,1,1,1,0,1,1,1,1,1,1,0.0,0.0,1.0,True,,1.1167316892607004,0_10476.49919111127,2,1,1,0,0,284.704788,327.87758,10456.122811,False,9899.33332092548,10476.49919111127,3.0,0.02460907459625772,1.341928802248622
2018-09-10,175,20180910,11253.70785755851,11386.28395656695,11415.8512880005,11238.44729939926,,0,0,0,0,0,1,1,1,1,1,1,1,1,1,1,1,132.576099,1.178066,1.011781,True,,1.1259123803242046,0_10492.51081299423,2,1,1,0,0,260.144827,333.03924,10487.88144,False,9899.33332092548,10492.51081299423,3.0,0.024663107042969257,1.3750249359425233
2018-09-11,176,20180911,11346.22499139893,11301.39710180615,11346.22499139894,11203.15725865601,,0,0,0,0,0,1,1,1,1,0,1,1,1,1,1,1,-44.82789,-0.395091,0.996049,True,,1.1212747116426405,0_10477.47949449186,2,1,1,0,0,241.307576,323.389181,10514.897617,False,9899.33332092548,10477.47949449186,3.0,-0.012357094821789039,1.358033622426757
2018-09-12,177,20180912,11299.48953203624,11348.13256116884,11406.31343915097,11106.82498527577,,0,0,1,0,1,1,1,1,1,1,1,1,1,1,1,1,48.643029,0.430489,1.004305,True,,1.129982171208027,0_10505.581521823313,2,1,1,0,0,219.847416,302.462018,10545.517842,False,9899.33332092548,10505.581521823313,3.0,0.0232970372246164,1.3896717822807139
2018-09-13,178,20180913,11387.23774145191,11226.04809589488,11468.30945667291,11219.37160170021,,0,0,1,0,1,1,0,1,1,1,1,1,1,1,1,1,-161.189646,-1.415529,0.985845,True,,1.1156905799648396,0_10566.523709492401,2,1,1,0,0,239.400006,293.821849,10575.468986,False,9899.33332092548,10566.5237094924,3.0,-0.03794287628779669,1.3369436377649948
2018-09-14,179,20180914,11243.21622382403,11284.228973877,11309.98116577073,11151.65287486856,,0,0,1,0,1,1,0,1,1,1,0,1,1,1,1,1,41.01275,0.364778,1.003648,True,,1.1262909655226996,0_10591.684826682087,2,1,1,0,0,246.314947,289.165135,10605.687016,False,9899.33332092548,10591.684826682089,3.0,0.028503562945366268,1.3750512948984364
2018-09-17,180,20180917,11350.04013093874,11195.52697957639,11363.39311932809,11123.03932831997,,1,0,1,0,1,1,0,1,1,0,0,1,1,1,1,1,-154.513151,-1.361345,0.986387,True,,1.1075509981971958,0_10605.245687201463,2,1,1,0,0,222.470325,280.581071,10631.753627,False,9899.33332092548,10605.245687201465,3.0,-0.04991596638655471,1.3064142806824974
2018-09-18,181,20180918,11161.19072371808,11275.64490991243,11278.50626456729,11064.85845033785,,1,0,1,0,1,1,0,1,1,0,0,1,1,1,1,1,114.454186,1.025466,1.010255,True,,1.1203282486464028,0_10630.243420494384,2,1,1,0,0,236.777098,257.241394,10659.881388,False,9899.33332092548,10630.243420494384,3.0,0.034609468466928694,1.3516285845345237
2018-09-19,182,20180919,11289.95168318671,11626.63774757507,11822.1636489904,11226.04809589488,,1,1,1,1,1,1,1,1,1,1,1,1,1,1,1,1,336.686064,2.982175,1.029822,True,,1.156199196203807,0_10698.211112812254,2,1,1,0,0,215.316938,256.848659,10695.133278,False,9899.33332092548,10698.211112812254,3.0,0.09605474360057609,1.481458921665197
2018-09-20,183,20180920,11651.43615458384,11685.77241044215,11743.95328842427,11596.11663125658,,1,1,1,1,1,1,1,1,1,1,1,1,1,1,1,1,34.336256,0.294695,1.002947,True,,1.1629190834770935,0_10903.464765469518,2,1,1,0,0,302.111362,269.472282,10734.257534,False,9899.33332092548,10903.464765469518,3.0,0.017436149312376914,1.5072898606235043
2018-09-21,184,20180921,11719.15488141549,11688.63376509701,11801.18038152144,11608.51583476097,,1,1,1,1,1,1,1,1,1,1,1,1,1,1,1,1,-30.521116,-0.260438,0.997396,True,,1.1642441316718255,0_10934.422121353286,2,1,1,0,0,299.488454,266.779243,10774.163893,False,9899.33332092548,10934.422121353286,3.0,0.003418246927645807,1.5124421495586524
2018-09-25,185,20180925,11732.50786980483,11298.53574715129,11773.52061985781,11159.28315394818,,1,1,1,1,1,1,1,1,1,1,0,0,1,1,1,1,-433.972123,-3.698886,0.963011,True,,1.117962091155809,0_10955.61753387523,2,1,1,0,0,287.566143,264.142308,10808.214013,False,9899.33332092548,10955.61753387523,3.0,-0.11925859686204276,1.3320704209672758
2018-09-26,186,20180926,11266.10706106289,11375.79232283247,11407.26722403592,11243.21622382403,,1,1,1,1,1,1,1,1,1,1,1,1,1,1,1,1,109.685262,0.973586,1.009736,True,,1.1262909655226996,0_10963.29657702318,2,1,1,0,0,387.713556,280.693281,10849.360293,False,9899.33332092548,10963.29657702318,3.0,0.022350152387402566,1.3618423978666458
2018-09-27,187,20180927,11350.04013093874,11073.44251430243,11352.90148559361,10941.82020017894,,1,1,1,1,1,1,1,1,1,1,0,0,1,1,1,1,-276.597617,-2.436975,0.97563,True,,1.091366480961534,0_10915.098333301754,2,1,1,0,0,279.697418,274.858362,10883.715625,False,9899.33332092548,10915.098333301754,3.0,-0.09302521008403242,1.2351567227037588
2018-09-28,188,20180928,10998.09350839115,11239.40108428422,11278.50626456729,10893.17717104634,,0,1,0,1,1,1,1,1,1,1,0,1,1,1,1,1,241.307576,2.194086,1.021941,True,True,1.084599860820486,平仓(止损)_10932.090255653193,3,0,0,0,0,351.231284,281.590961,10911.585219,False,9899.33332092548,10932.090255653193,3.0,-0.018600406716961726,1.2121823053022793
2018-10-08,189,20181008,11185.0353458419,11133.53096205445,11221.27917147012,11027.66083982469,,0,0,0,1,1,1,1,1,1,0,0,1,0,1,1,1,-51.504384,-0.460476,0.995395,True,True,1.084599860820486,0_0.0,-1,0,0,0,0,399.397421,284.901156,10936.269172,False,0.0,0.0,3.0,0.0,1.2121823053022793
2018-10-09,190,20181009,11101.10227596605,11158.32936906323,11320.47279950521,11080.1190084971,,0,0,0,1,0,1,1,1,1,0,0,0,0,1,1,1,57.227093,0.515508,1.005155,True,True,1.084599860820486,0_0.0,-1,0,0,0,0,298.773115,281.534856,10964.577508,False,0.0,0.0,3.0,0.0,1.2121823053022793
2018-10-10,191,20181010,11191.71184003657,11238.44729939926,11290.90546807167,10975.20267115228,,0,0,0,0,0,1,1,1,1,0,1,0,0,1,1,1,46.735459,0.41759,1.004176,True,True,1.084599860820486,0_0.0,-1,0,0,0,0,317.848813,282.656956,10993.152903,False,0.0,0.0,3.0,0.0,1.2121823053022793
2018-10-11,192,20181011,11132.5771771695,11141.16124113408,11204.11104354097,11065.8122352228,,0,0,0,0,0,0,1,1,1,0,1,0,0,1,1,1,8.584064,0.077108,1.000771,True,True,1.084599860820486,0_0.0,-1,0,0,0,0,288.281481,288.21135,11020.316696,False,0.0,0.0,3.0,0.0,1.2121823053022793
2018-10-12,193,20181012,11065.8122352228,11103.96363062092,11133.53096205446,10821.64330467488,,0,0,0,0,0,0,0,0,1,0,0,0,1,1,1,1,38.151395,0.344768,1.003448,True,True,1.084599860820486,0_0.0,-1,0,0,0,0,235.107974,283.442426,11045.096028,False,0.0,0.0,3.0,0.0,1.2121823053022793
2018-10-15,194,20181015,11084.88793292186,10668.08393819747,11084.88793292186,10634.70146722412,,0,0,0,0,0,0,0,0,1,0,0,0,0,1,1,1,-416.803995,-3.76011,0.962399,True,True,1.084599860820486,0_0.0,-1,0,0,0,0,262.052397,291.46544,11061.005159,False,0.0,0.0,3.0,0.0,1.2121823053022793
2018-10-16,195,20181016,10640.42417653384,10540.27676361379,10739.61780456893,10328.53651915426,,0,0,0,0,0,0,0,0,0,0,0,0,0,0,1,1,-100.147413,-0.941198,0.990588,True,True,1.084599860820486,0_0.0,-1,0,0,0,0,319.27949,301.452129,11072.259821,False,0.0,0.0,3.0,0.0,1.2121823053022793
2018-10-17,196,20181017,10566.02895550751,10657.59230446299,10671.89907773728,10427.73014718935,,0,0,0,0,0,0,0,0,0,0,0,0,0,0,1,1,91.563349,0.866582,1.008666,True,True,1.084599860820486,0_0.0,-1,0,0,0,0,343.124112,310.989977,11081.168172,False,0.0,0.0,3.0,0.0,1.2121823053022793
2018-10-18,197,20181018,10491.63373448119,10561.26003108275,10722.44967663978,10479.23453097681,,0,0,0,0,0,0,0,0,0,0,0,0,0,0,1,1,69.626297,0.663636,1.006636,True,True,1.084599860820486,0_0.0,-1,0,0,0,0,361.007579,316.039427,11088.836602,False,0.0,0.0,3.0,0.0,1.2121823053022793
2018-10-19,198,20181019,10516.43214148997,10192.145280606,10546.95325780846,10178.79229221666,,0,0,0,0,0,0,0,0,0,0,0,0,0,0,0,1,-324.286861,-3.083621,0.969164,True,True,1.084599860820486,0_0.0,-1,0,0,0,0,341.931881,316.207742,11088.340634,False,0.0,0.0,3.0,0.0,1.2121823053022793
2018-10-22,199,20181022,10231.25046088907,10278.93970513671,10319.95245518968,10120.61141423454,,0,0,0,0,0,0,0,0,0,0,0,0,0,0,0,1,47.689244,0.466114,1.004661,True,True,1.084599860820486,0_0.0,-1,0,0,0,0,320.233275,326.138326,11084.372889,False,0.0,0.0,3.0,0.0,1.2121823053022793
2018-10-23,200,20181023,10261.77157720756,10244.60344927841,10383.85604248153,10165.43930382732,,0,0,0,0,0,0,0,0,0,0,0,0,0,0,0,1,-17.168128,-0.167302,0.998327,True,True,1.084599860820486,0_0.0,-1,0,0,0,0,267.298214,302.798648,11070.371327,False,0.0,0.0,3.0,0.0,1.2121823053022793
2018-10-24,201,20181024,10236.97317019878,10349.51978662322,10435.36042626898,10225.52775157935,,0,0,0,0,0,0,0,0,0,0,0,0,0,0,0,1,112.546616,1.099413,1.010994,True,True,1.084599860820486,0_0.0,-1,0,0,0,0,260.860166,306.950418,11062.664745,False,0.0,0.0,3.0,0.0,1.2121823053022793
2018-10-25,202,20181025,10310.41460634015,10333.30544357902,10405.79309483544,10254.14129812794,,0,0,0,0,0,0,0,0,0,0,0,0,0,0,0,1,22.890837,0.222017,1.00222,True,True,1.084599860820486,0_0.0,-1,0,0,0,0,252.514548,307.960308,11053.64194,False,0.0,0.0,3.0,0.0,1.2121823053022793
2018-10-26,203,20181026,10324.72137961445,10712.91182779025,10731.03374060436,10215.03611784487,,0,0,0,0,0,0,0,0,0,0,0,0,0,0,1,1,388.190448,3.759815,1.037598,True,True,1.084599860820486,0_0.0,-1,0,0,0,0,194.810563,280.749386,11055.587661,False,0.0,0.0,3.0,0.0,1.2121823053022793
2018-10-29,204,20181029,10744.38672899369,10672.85286262223,10755.83214761313,10601.31899625077,,1,0,0,0,0,0,0,0,0,0,0,0,0,0,1,1,-71.533866,-0.665779,0.993342,True,True,1.084599860820486,0_0.0,-1,0,0,0,0,273.974709,301.452129,11055.797494,False,0.0,0.0,3.0,0.0,1.2121823053022793
2018-10-30,205,20181030,10631.84011256926,10817.82816513506,10913.20665363035,10567.93652527742,,1,0,0,0,0,0,0,0,0,0,0,0,0,0,1,1,185.988053,1.74935,1.017493,True,True,1.084599860820486,0_0.0,-1,0,0,0,0,257.998811,285.013366,11056.884809,False,0.0,0.0,3.0,0.0,1.2121823053022793
2018-10-31,206,20181031,10811.15167094039,10783.49190927676,10859.79470007299,10741.52537433884,,1,1,0,0,0,0,0,0,0,0,0,0,0,0,0,1,-27.659762,-0.255845,0.997442,True,True,1.084599860820486,0_0.0,-1,0,0,0,0,291.858175,282.656956,11054.328665,False,0.0,0.0,3.0,0.0,1.2121823053022793
2018-11-01,207,20181101,10768.23135111751,10611.81062998525,10826.41222909964,10574.61301947209,,1,1,0,0,0,0,0,0,0,0,0,0,0,0,0,1,-156.420721,-1.452613,0.985474,True,True,1.084599860820486,0_0.0,-1,0,0,0,0,283.512557,277.158667,11049.216378,False,0.0,0.0,3.0,0.0,1.2121823053022793
2018-11-02,208,20181102,10611.81062998525,10708.14290336548,10725.31103129464,10518.33971125987,,1,1,0,0,0,0,0,0,0,0,0,0,0,0,0,1,96.332273,0.907784,1.009078,True,True,1.084599860820486,0_0.0,-1,0,0,0,0,217.462954,277.831927,11045.0388,False,0.0,0.0,3.0,0.0,1.2121823053022793
2018-11-05,209,20181105,10735.80266502912,10653.77716492317,10766.32378134761,10592.7349322862,,1,1,0,0,0,0,0,0,0,0,0,0,0,0,0,1,-82.0255,-0.764037,0.99236,True,True,1.084599860820486,0_0.0,-1,0,0,0,0,230.577496,271.435957,11029.797318,False,0.0,0.0,3.0,0.0,1.2121823053022793
2018-11-06,210,20181106,10725.31103129464,11023.84570028487,11028.61462470964,10725.31103129464,,1,1,1,1,0,0,0,0,0,1,0,0,0,0,0,1,298.534669,2.783459,1.027835,True,True,1.084599860820486,0_0.0,-1,0,0,0,0,187.657176,271.492062,11023.674019,False,0.0,0.0,3.0,0.0,1.2121823053022793
2018-11-07,211,20181107,11000.00107816105,10966.6186071877,11010.49271189554,10877.91661288709,,1,1,1,1,0,0,0,0,0,1,0,0,0,0,0,1,-33.382471,-0.303477,0.996965,True,True,1.084599860820486,0_0.0,-1,0,0,0,0,251.79921,274.746152,11015.814832,False,0.0,0.0,3.0,0.0,1.2121823053022793
2018-11-08,212,20181108,10983.72581191156,11067.46107713886,11134.0891376423,10890.98675472434,,1,1,1,1,0,0,0,0,0,1,0,0,0,1,0,1,83.735265,0.762358,1.007624,True,True,1.084599860820486,0_0.0,-1,0,0,0,0,225.331679,255.726559,11010.849976,False,0.0,0.0,3.0,0.0,1.2121823053022793
2018-11-09,213,20181109,11067.46107713885,11174.60620146195,11209.72099010566,11030.54553010317,,1,1,1,1,1,0,1,0,0,1,1,0,0,1,1,1,107.145124,0.968109,1.009681,True,,1.084382940848322,触发开仓_0.0,1,1,1,0,0,234.364445,245.845447,11018.672261,False,0.0,0.0,3.0,-0.0005999999999996009,1.2114549959190986
2018-11-12,214,20181112,11082.76752347073,11000.83301663542,11088.16979864669,10953.11291924782,,1,1,1,1,1,0,1,0,0,1,1,0,0,0,1,1,-81.934507,-0.739296,0.992607,False,,1.0701614819043663,平仓_10893.513530477583,3,0,0,0,0,235.761098,242.022302,11020.176805,False,11082.76752347073,10893.513530477583,3.0,-0.03934438215939695,1.163791047590747
2018-11-13,215,20181113,10939.60723130793,11036.84818447511,11045.85197643504,10850.46969090468,,1,1,1,1,1,0,1,0,0,1,1,0,0,0,0,1,97.240953,0.888889,1.008889,False,,1.0701614819043663,0_0.0,-1,0,0,0,0,197.425053,240.744545,11014.866751,False,0.0,0.0,3.0,0.0,1.163791047590747
2018-11-14,216,20181114,10992.72960387148,11072.86335231481,11180.00847663792,10980.12429512759,,1,1,1,1,1,0,1,0,0,1,1,0,0,0,0,1,80.133748,0.72897,1.00729,False,,1.0701614819043663,0_0.0,-1,0,0,0,0,209.788353,229.739519,11009.018004,False,0.0,0.0,3.0,0.0,1.163791047590747
2018-11-15,217,20181115,11129.58724166233,11106.17738256653,11133.18875844631,11007.13567100737,,1,1,1,1,1,1,1,1,1,1,1,0,1,0,0,1,-23.409859,-0.210339,0.997897,False,,1.0701614819043663,0_0.0,-1,0,0,0,0,198.983802,229.771468,11003.949992,False,0.0,0.0,3.0,0.0,1.163791047590747
2018-11-16,218,20181116,11133.1887584463,11279.95056739307,11367.28734940434,11133.18875844631,,1,1,1,1,1,1,1,1,1,1,1,1,1,1,1,1,146.761809,1.318237,1.013182,True,,1.0699474496079855,触发开仓_0.0,1,1,1,0,0,185.703209,224.338312,11004.017029,False,0.0,0.0,3.0,-0.0005999999999999339,1.1630927729621925
2018-11-19,219,20181119,11198.91643975375,11159.29975513008,11290.75511774499,11102.57586578256,,1,1,1,1,1,1,1,1,1,1,1,1,1,0,0,0,-39.616685,-0.353755,0.996462,False,,1.0659492285498695,平仓_11007.67903908361,3,0,0,0,0,195.607381,227.354623,10999.649027,False,11198.91643975375,11007.67903908361,3.0,-0.011210516160155781,1.1500539026351395
2018-11-20,220,20181120,11159.29975513008,11146.69444638619,11182.70961422589,11030.54553010317,,1,1,1,1,1,1,1,1,1,1,1,1,0,0,0,0,-12.605309,-0.112958,0.99887,False,,1.0659492285498695,0_0.0,-1,0,0,0,0,193.806622,229.503297,10998.805906,False,0.0,0.0,3.0,0.0,1.1500539026351395
2018-11-21,221,20181121,11029.64515090718,11273.64791302112,11277.2494298051,10939.60723130793,,1,1,1,1,1,1,1,1,1,1,1,1,1,0,1,0,244.002762,2.212245,1.022122,False,,1.0659492285498695,0_0.0,-1,0,0,0,0,181.876598,208.101324,11003.382285,False,0.0,0.0,3.0,0.0,1.1500539026351395
2018-11-22,222,20181122,11273.64791302112,11116.98193291844,11333.07293995663,11089.07017784268,,1,1,1,1,1,1,1,1,1,1,1,1,0,0,1,0,-156.66598,-1.389665,0.986103,False,,1.0659492285498695,0_0.0,-1,0,0,0,0,234.773875,218.873621,11005.836356,False,0.0,0.0,3.0,0.0,1.1500539026351395
2018-11-23,223,20181123,11068.36145633485,11138.59103362226,11155.69823834612,11023.34249653523,,1,1,1,1,1,1,1,1,1,1,1,1,1,0,1,1,70.229577,0.634507,1.006345,False,,1.0659492285498695,0_0.0,-1,0,0,0,0,230.497074,212.916717,11005.88033,False,0.0,0.0,3.0,0.0,1.1500539026351395
2018-11-26,224,20181126,11133.1887584463,10917.09775140812,11142.19255040623,10785.64238879323,,0,1,1,1,1,1,1,1,1,1,1,1,1,0,0,0,-216.091007,-1.940962,0.98059,False,,1.0659492285498695,0_0.0,-1,0,0,0,0,216.541197,213.74533,11000.979395,False,0.0,0.0,3.0,0.0,1.1500539026351395
2018-11-27,225,20181127,10939.60723130793,10636.17944225848,10981.02467432359,10610.06844557471,,0,0,0,1,1,1,1,1,1,0,0,1,1,0,0,0,-303.427789,-2.773663,0.972263,False,,1.0659492285498695,0_0.0,-1,0,0,0,0,267.637716,219.907151,10985.977305,False,0.0,0.0,3.0,0.0,1.1500539026351395
2018-11-28,226,20181128,10614.57034155466,10535.33697230733,10663.19081813826,10508.32559642756,,0,0,0,0,0,1,1,1,1,0,0,1,0,0,0,0,-79.233369,-0.746459,0.992535,False,,1.0659492285498695,0_0.0,-1,0,0,0,0,275.966224,229.553322,10970.656102,False,0.0,0.0,3.0,0.0,1.1500539026351395
2018-11-29,227,20181129,10578.55517371497,10228.30766647391,10658.6889221583,10174.28491471438,,0,0,0,0,0,1,0,1,1,0,0,0,0,0,0,0,-350.247507,-3.31092,0.966891,False,,1.0659492285498695,0_0.0,-1,0,0,0,0,253.681839,228.451932,10948.259604,False,0.0,0.0,3.0,0.0,1.1500539026351395
2018-11-30,228,20181130,10222.00501210197,10381.37212979263,10385.8740257726,10196.79439461419,,0,0,0,0,0,0,0,1,1,0,0,0,1,0,0,0,159.367118,1.559059,1.015591,False,,1.0659492285498695,0_0.0,-1,0,0,0,0,341.693905,234.897023,10931.366085,False,0.0,0.0,3.0,0.0,1.1500539026351395
2018-12-03,229,20181203,10475.91194537183,10358.86264989282,10897.28940909629,10306.64065652526,,0,0,0,0,0,0,0,0,1,0,0,0,1,0,0,0,-117.049295,-1.117318,0.988827,False,,1.0659492285498695,0_0.0,-1,0,0,0,0,299.826272,237.43529,10912.858759,False,0.0,0.0,3.0,0.0,1.1500539026351395
2018-12-04,230,20181204,10371.46795863671,10531.73545552336,10567.75062336307,10214.80197853404,,0,0,0,0,0,0,0,0,1,0,0,0,1,0,0,0,160.267497,1.545273,1.015453,False,,1.0659492285498695,0_0.0,-1,0,0,0,0,354.749403,257.879194,10899.582928,False,0.0,0.0,3.0,0.0,1.1500539026351395
2018-12-05,231,20181205,10485.81611652775,10640.68133823844,10646.9839926104,10406.58274728042,,0,0,0,0,0,0,0,0,0,0,0,0,1,0,0,0,154.865222,1.476902,1.014769,False,,1.0659492285498695,0_0.0,-1,0,0,0,0,404.270259,268.101147,10886.883657,False,0.0,0.0,3.0,0.0,1.1500539026351395
2018-12-06,232,20181206,10614.57034155466,10534.43659311134,10680.29802286212,10491.21839170371,,0,0,0,0,0,0,0,0,0,0,0,0,1,0,0,0,-80.133748,-0.754941,0.992451,False,,1.0659492285498695,0_0.0,-1,0,0,0,0,343.269568,269.21338,10865.039634,False,0.0,0.0,3.0,0.0,1.1500539026351395
2018-12-07,233,20181207,10507.42521723157,10747.82646256154,10773.93745924533,10457.90436145199,,0,0,0,0,0,0,0,0,0,0,0,1,1,0,0,0,240.401245,2.287918,1.022879,False,,1.0659492285498695,0_0.0,-1,0,0,0,0,343.269568,268.842635,10846.280715,False,0.0,0.0,3.0,0.0,1.1500539026351395
2018-12-10,234,20181210,10673.09498929417,10668.59309331421,10707.30939874189,10572.25251934303,,0,0,0,0,0,0,0,0,0,0,0,1,0,1,0,0,-4.501896,-0.04218,0.999578,False,,1.0659492285498695,0_0.0,-1,0,0,0,0,274.615655,275.674924,10825.879901,False,0.0,0.0,3.0,0.0,1.1500539026351395
2018-12-11,235,20181211,10631.67754627852,10630.77716708253,10729.8188786417,10506.52483803558,,0,0,0,0,0,0,0,0,0,0,0,0,0,1,0,0,-0.900379,-0.008469,0.999915,False,,1.0659492285498695,0_0.0,-1,0,0,0,0,230.271979,278.587916,10812.52473,False,0.0,0.0,3.0,0.0,1.1500539026351395
2018-12-12,236,20181212,10632.57792547451,10617.27147914264,10660.48968055029,10552.4441770312,,1,0,0,0,0,0,0,0,0,0,0,0,0,0,0,0,-15.306446,-0.143958,0.99856,False,,1.0659492285498695,0_0.0,-1,0,0,0,0,225.995178,276.36345,10797.354313,False,0.0,0.0,3.0,0.0,1.1500539026351395
2018-12-13,237,20181213,10583.05706969493,10447.09981110008,10614.57034155467,10392.17668014454,,1,0,0,0,0,0,0,0,0,0,0,0,0,0,0,0,-135.957259,-1.284669,0.987153,False,,1.0659492285498695,0_0.0,-1,0,0,0,0,205.736647,271.6497,10784.827459,False,0.0,0.0,3.0,0.0,1.1500539026351395
2018-12-14,238,20181214,10448.90056949206,10418.28767682832,10466.90815341192,10366.96606265676,,0,0,0,0,0,0,0,0,0,0,0,0,0,1,0,0,-30.612893,-0.292977,0.99707,False,,1.0659492285498695,0_0.0,-1,0,0,0,0,183.002072,275.939742,10768.405191,False,0.0,0.0,3.0,0.0,1.1500539026351395
2018-12-17,239,20181217,10416.48691843633,10571.35214014703,10603.76579120276,10396.67857612451,,0,1,0,0,0,0,0,0,0,0,0,0,0,1,0,0,154.865222,1.486732,1.014867,False,,1.0659492285498695,0_0.0,-1,0,0,0,0,164.094109,261.957383,10757.161614,False,0.0,0.0,3.0,0.0,1.1500539026351395
2018-12-18,240,20181218,10537.13773069931,10508.32559642756,10556.94607301116,10463.30663662795,,0,0,0,0,0,0,0,0,0,0,0,0,0,1,0,0,-28.812134,-0.273434,0.997266,False,,1.0659492285498695,0_0.0,-1,0,0,0,0,160.042402,259.78588,10744.161539,False,0.0,0.0,3.0,0.0,1.1500539026351395
2018-12-19,241,20181219,10476.81232456782,10092.35040787906,10498.42142527165,10072.54206556723,,0,0,0,0,0,0,0,0,0,0,0,0,0,0,0,0,-384.461917,-3.669646,0.963304,False,,1.0659492285498695,0_0.0,-1,0,0,0,0,160.042402,258.355866,10721.239601,False,0.0,0.0,3.0,0.0,1.1500539026351395
2018-12-20,242,20181220,10071.64168637123,10117.56102536685,10161.67960597048,10037.42727692353,,0,0,0,0,0,0,0,0,0,0,0,0,0,0,0,0,45.919339,0.455927,1.004559,False,,1.0659492285498695,0_0.0,-1,0,0,0,0,212.714585,263.016652,10700.767597,False,0.0,0.0,3.0,0.0,1.1500539026351395
2018-12-21,243,20181221,10091.45002868307,10209.39970335807,10245.41487119778,9922.1787398365,,0,0,0,0,0,0,0,0,0,0,0,0,0,0,0,0,117.949675,1.168808,1.011688,False,,1.0659492285498695,0_0.0,-1,0,0,0,0,218.792145,248.504658,10682.876318,False,0.0,0.0,3.0,0.0,1.1500539026351395
2018-12-24,244,20181224,10171.58377712639,10156.27733079452,10234.61032084587,10104.05533742697,,0,0,0,0,0,0,0,0,0,0,0,0,0,0,0,0,-15.306446,-0.150482,0.998495,False,,1.0659492285498695,0_0.0,-1,0,0,0,0,247.829374,258.408829,10672.640186,False,0.0,0.0,3.0,0.0,1.1500539026351395
2018-12-25,245,20181225,10046.43106888345,10198.59515300616,10223.80577049396,9893.36660556474,,0,0,0,0,0,0,0,0,0,0,0,0,0,0,0,0,152.164084,1.514608,1.015146,False,,1.0659492285498695,0_0.0,-1,0,0,0,0,253.456743,237.594181,10665.806554,False,0.0,0.0,3.0,0.0,1.1500539026351395
2018-12-26,246,20181226,10224.70614968995,10190.49174024223,10303.93951893729,10133.76785089472,,0,0,0,0,0,0,0,0,0,0,0,0,0,0,0,0,-34.214409,-0.334625,0.996654,False,,1.0659492285498695,0_0.0,-1,0,0,0,0,227.120652,245.909448,10656.464542,False,0.0,0.0,3.0,0.0,1.1500539026351395
2018-12-27,247,20181227,10309.34179411323,10160.77922677448,10343.55620356096,10101.35419983899,,0,0,0,0,0,0,0,0,0,0,0,0,0,0,0,0,-148.562567,-1.441048,0.98559,False,,1.0659492285498695,0_0.0,-1,0,0,0,0,238.600487,221.175501,10648.454926,False,0.0,0.0,3.0,0.0,1.1500539026351395
2018-12-28,248,20181228,10168.88263953841,10221.10463290598,10326.4489988371,10139.17012607067,,0,0,0,0,0,0,0,0,0,0,0,0,0,0,1,0,52.221993,0.513547,1.005135,False,,1.0659492285498695,0_0.0,-1,0,0,0,0,218.341955,214.660993,10649.034113,False,0.0,0.0,3.0,0.0,1.1500539026351395
2019-01-02,249,20190102,10185.08946506628,9803.328685965493,10205.79818657411,9796.12565239756,,0,0,0,0,0,0,0,0,0,0,0,0,0,0,0,0,-381.760779,-3.748232,0.962518,False,,1.0659492285498695,0_0.0,-1,0,0,0,0,232.522928,211.536148,10639.521893,False,0.0,0.0,3.0,0.0,1.1500539026351395
2019-01-03,250,20190103,9825.838165865303,9607.946400435136,9879.860917624856,9588.13805812331,,0,0,0,0,0,0,0,0,0,0,0,0,0,0,0,0,-217.891765,-2.217539,0.977825,False,,1.0659492285498695,0_0.0,-1,0,0,0,0,256.157881,225.41258,10626.788752,False,0.0,0.0,3.0,0.0,1.1500539026351395
2019-01-04,251,20190104,9548.521373499638,9695.2831824464,9752.907450989926,9548.521373499643,,0,0,0,0,0,0,0,0,0,0,0,0,0,0,0,0,146.761809,1.537011,1.01537,False,,1.0659492285498695,0_0.0,-1,0,0,0,0,286.54568,223.982566,10613.70402,False,0.0,0.0,3.0,0.0,1.1500539026351395
2019-01-07,252,20190107,9677.275598526554,9557.52516545956,9706.08773279832,9488.195967368152,,0,0,0,0,0,0,0,0,0,0,0,0,0,0,0,0,-119.750433,-1.23744,0.987626,False,,1.0659492285498695,0_0.0,-1,0,0,0,0,277.091698,225.677397,10598.188414,False,0.0,0.0,3.0,0.0,1.1500539026351395
2019-01-08,253,20190108,9573.731990987426,9634.95777631491,9688.980528074464,9566.528957419494,,0,0,0,0,0,0,0,0,0,0,0,0,0,0,0,0,61.225785,0.639518,1.006395,False,,1.0659492285498695,0_0.0,-1,0,0,0,0,284.744921,225.359616,10576.629333,False,0.0,0.0,3.0,0.0,1.1500539026351395
2019-01-09,254,20190109,9653.865739430752,9590.839195711282,9794.324894005576,9583.63616214335,,0,0,0,0,0,0,0,0,0,0,0,0,0,0,0,0,-63.026544,-0.652863,0.993471,False,,1.0659492285498695,0_0.0,-1,0,0,0,0,211.364016,226.736667,10554.98906,False,0.0,0.0,3.0,0.0,1.1500539026351395
2019-01-10,255,20190110,9588.138058123306,9574.63237018342,9627.754742746978,9460.284212292388,,0,0,0,0,0,0,0,0,0,0,0,0,0,0,0,0,-13.505688,-0.140858,0.998591,False,,1.0659492285498695,0_0.0,-1,0,0,0,0,191.105484,225.889251,10530.125144,False,0.0,0.0,3.0,0.0,1.1500539026351395
2019-01-11,256,20190111,9570.130474203455,9558.425544655554,9675.474840134577,9508.004309679984,,0,0,0,0,0,0,0,0,0,0,0,0,0,0,0,0,-11.70493,-0.122307,0.998777,False,,1.0659492285498695,0_0.0,-1,0,0,0,0,181.876598,229.861512,10505.623817,False,0.0,0.0,3.0,0.0,1.1500539026351395
2019-01-14,257,20190114,9535.015685559752,9625.053605158992,9670.07256495862,9433.272836412614,,0,0,0,0,0,0,0,0,0,0,0,0,0,0,0,0,90.03792,0.944287,1.009443,False,,1.0659492285498695,0_0.0,-1,0,0,0,0,169.271289,227.531119,10485.888676,False,0.0,0.0,3.0,0.0,1.1500539026351395
2019-01-15,258,20190115,9625.953984354986,9644.861947470828,9713.290766366255,9594.440712495258,,0,0,0,0,0,0,0,0,0,0,0,0,0,0,0,0,18.907963,0.196427,1.001964,False,,1.0659492285498695,0_0.0,-1,0,0,0,0,195.60738,235.104897,10464.623057,False,0.0,0.0,3.0,0.0,1.1500539026351395
2019-01-16,259,20190116,9692.582044858424,9598.04222927922,9740.302142246028,9591.73957490728,,0,0,0,0,0,0,0,0,0,0,0,0,0,0,0,0,-94.539816,-0.975383,0.990246,False,,1.0659492285498695,0_0.0,-1,0,0,0,0,172.647711,216.461751,10443.508358,False,0.0,0.0,3.0,0.0,1.1500539026351395
2019-01-17,260,20190117,9598.04222927922,9596.241470887237,9647.563085058808,9535.91606475575,,0,0,0,0,0,0,0,0,0,0,0,0,0,0,0,0,-1.800758,-0.018762,0.999812,False,,1.0659492285498695,0_0.0,-1,0,0,0,0,167.92072,217.891765,10414.956274,False,0.0,0.0,3.0,0.0,1.1500539026351395
2019-01-18,261,20190118,9634.95777631491,9518.808860031888,9679.076356918544,9512.506205659944,,0,0,0,0,0,0,0,0,0,0,0,0,0,0,0,0,-116.148916,-1.205495,0.987945,False,,1.0659492285498695,0_0.0,-1,0,0,0,0,153.964843,205.445347,10386.000079,False,0.0,0.0,3.0,0.0,1.1500539026351395
2019-01-21,262,20190121,9544.919856715667,9678.175977722543,9686.279390486485,9441.376249176545,,1,1,0,0,0,0,0,0,0,0,0,0,0,0,0,0,133.256121,1.396095,1.013961,False,,1.0659492285498695,0_0.0,-1,0,0,0,0,136.407448,207.563886,10358.214377,False,0.0,0.0,3.0,0.0,1.1500539026351395
2019-01-22,263,20190122,9715.091524758236,9630.455880334946,9764.612380537825,9580.03464535938,,1,1,0,0,0,0,0,0,0,0,0,0,0,0,0,0,-84.635644,-0.871177,0.991288,False,,1.0659492285498695,0_0.0,-1,0,0,0,0,167.92072,202.532356,10327.33137,False,0.0,0.0,3.0,0.0,1.1500539026351395
2019-01-23,264,20190123,9634.95777631491,9651.164601842773,9711.49000797427,9594.440712495258,,1,1,0,0,0,0,0,0,0,0,0,0,0,0,0,0,16.206826,0.168209,1.001682,False,,1.0659492285498695,0_0.0,-1,0,0,0,0,176.924512,203.379771,10300.338002,False,0.0,0.0,3.0,0.0,1.1500539026351395
2019-01-24,265,20190124,9667.371427370636,9736.700625462052,9739.401763050031,9652.965360234766,,1,1,1,1,0,0,0,0,0,1,0,0,0,0,0,0,69.329198,0.717146,1.007171,False,,1.0659492285498695,0_0.0,-1,0,0,0,0,178.275081,196.017847,10274.335051,False,0.0,0.0,3.0,0.0,1.1500539026351395
2019-01-25,266,20190125,9769.11427651778,9976.201491596035,9979.80300838001,9742.102900638016,,1,1,1,1,0,0,0,0,0,1,0,0,0,0,0,0,207.087215,2.119816,1.021198,False,,1.0659492285498695,0_0.0,-1,0,0,0,0,158.691833,190.191864,10252.401814,False,0.0,0.0,3.0,0.0,1.1500539026351395
2019-01-28,267,20190128,9980.703387576,9975.301112400042,10011.31628023975,9931.182531796425,,1,1,1,1,0,0,0,0,0,1,0,0,0,0,0,0,-5.402275,-0.054127,0.999459,False,,1.0659492285498695,0_0.0,-1,0,0,0,0,158.241644,179.493241,10229.784288,False,0.0,0.0,3.0,0.0,1.1500539026351395
2019-01-29,268,20190129,9950.090494912256,9818.63513229736,9950.990874108256,9769.114276517788,,1,1,1,1,0,0,0,0,0,1,0,0,0,0,0,0,-131.455363,-1.321147,0.986789,False,,1.0659492285498695,0_0.0,-1,0,0,0,0,132.130647,167.046822,10200.55798,False,0.0,0.0,3.0,0.0,1.1500539026351395
2019-01-30,269,20190130,9806.029823553468,9807.83058194545,9887.964330388786,9773.61617249775,,1,1,1,1,1,0,1,0,0,1,1,0,0,0,0,0,1.800758,0.018364,1.000184,False,,1.0659492285498695,0_0.0,-1,0,0,0,0,154.415032,167.152749,10173.528596,False,0.0,0.0,3.0,0.0,1.1500539026351395
2019-01-31,270,20190131,9806.93020274946,9819.535511493352,9835.742337021224,9715.991903954236,,1,1,1,1,1,0,1,0,0,1,1,0,0,0,0,0,12.605309,0.128535,1.001285,False,,1.0659492285498695,0_0.0,-1,0,0,0,0,160.942781,161.061949,10146.985417,False,0.0,0.0,3.0,0.0,1.1500539026351395
2019-02-01,271,20190201,9821.33626988534,9815.03361551339,9828.539303453286,9733.09910867809,,1,1,1,1,1,0,1,0,0,1,1,0,0,0,0,0,-6.302654,-0.064173,0.999358,False,,1.0659492285498695,0_0.0,-1,0,0,0,0,130.104794,160.373424,10117.813132,False,0.0,0.0,3.0,0.0,1.1500539026351395
2019-02-11,272,20190211,9814.1332363174,10083.34661591913,10083.34661591914,9761.010863753856,,1,1,1,1,1,0,1,0,0,1,1,0,0,0,0,0,269.21338,2.743119,1.027431,False,,1.0659492285498695,0_0.0,-1,0,0,0,0,133.931406,153.594098,10097.140425,False,0.0,0.0,3.0,0.0,1.1500539026351395
2019-02-12,273,20190212,10083.34661591913,10115.76026697486,10124.7640589348,10046.43106888345,,1,1,1,1,1,0,1,0,0,1,1,0,0,0,0,0,32.413651,0.321457,1.003215,False,,1.0659492285498695,0_0.0,-1,0,0,0,0,162.968635,162.703817,10076.68381,False,0.0,0.0,3.0,0.0,1.1500539026351395
2019-02-13,274,20190213,10077.94434074318,10073.44244476322,10178.78681069434,10001.41210908383,,1,1,1,1,1,0,1,0,0,1,1,1,0,0,0,0,-4.501896,-0.044671,0.999553,False,,1.0659492285498695,0_0.0,-1,0,0,0,0,153.964843,157.460432,10059.810704,False,0.0,0.0,3.0,0.0,1.1500539026351395
2019-02-14,275,20190214,10069.84092797925,10096.85230385902,10138.26974687468,10041.0287937075,,1,1,1,1,1,0,1,0,0,1,1,1,0,0,0,0,27.011376,0.26824,1.002682,False,,1.0659492285498695,0_0.0,-1,0,0,0,0,168.37091,153.964842,10049.024161,False,0.0,0.0,3.0,0.0,1.1500539026351395
2019-02-15,276,20190215,10067.13979039127,10150.87505561856,10203.99742818213,10049.13220647143,,1,1,1,1,1,0,1,0,0,1,1,1,0,0,0,0,83.735265,0.831768,1.008318,False,,1.0659492285498695,0_0.0,-1,0,0,0,0,168.821099,152.693719,10041.334923,False,0.0,0.0,3.0,0.0,1.1500539026351395
2019-02-18,277,20190218,10171.58377712639,10112.15875019089,10258.02017994168,10073.44244476323,,1,1,1,1,1,0,1,0,0,1,1,1,0,0,0,0,-59.425027,-0.584226,0.994158,False,,1.0659492285498695,0_0.0,-1,0,0,0,0,126.953467,153.064463,10039.011944,False,0.0,0.0,3.0,0.0,1.1500539026351395
2019-02-19,278,20190219,10112.15875019089,10164.38074355845,10165.28112275446,10056.33524003937,,1,1,1,1,1,0,1,0,0,1,1,1,0,0,0,0,52.221993,0.516428,1.005164,False,,1.0659492285498695,0_0.0,-1,0,0,0,0,153.514653,157.354505,10034.672117,False,0.0,0.0,3.0,0.0,1.1500539026351395
2019-02-20,279,20190220,10166.18150195044,10148.17391803059,10194.99363622221,10072.54206556723,,1,1,1,1,1,1,1,1,1,1,1,1,1,0,0,0,-18.007584,-0.177132,0.998229,False,,1.0659492285498695,0_0.0,-1,0,0,0,0,136.407448,153.964842,10030.458342,False,0.0,0.0,3.0,0.0,1.1500539026351395
2019-02-21,280,20190221,10167.08188114643,10173.38453551837,10294.03534778137,10163.48036436247,,1,1,1,1,1,1,1,1,1,1,1,1,1,0,0,0,6.302654,0.061991,1.00062,False,,1.0659492285498695,0_0.0,-1,0,0,0,0,142.710103,146.761809,10023.291324,False,0.0,0.0,3.0,0.0,1.1500539026351395
2019-02-22,281,20190222,10181.48794828231,10291.33421019338,10316.54482768118,10133.76785089472,,1,1,1,1,1,1,1,1,1,1,1,1,1,1,0,0,109.846262,1.078882,1.010789,True,,1.0657360387041597,触发开仓_0.0,1,1,1,0,0,140.459155,144.484379,10016.304381,False,0.0,0.0,3.0,-0.0005999999999996009,1.149363870293559
2019-02-25,282,20190225,10306.64065652525,10273.32662627353,10330.95089481706,10220.20425370999,,1,1,1,1,1,1,1,1,1,1,1,1,1,1,0,0,-33.31403,-0.323229,0.996768,True,,1.0586603036695208,0_10130.640131885348,2,1,1,0,0,140.008965,148.350713,10011.082182,False,10306.64065652525,10130.640131885348,3.0,-0.019917882414605237,1.1264709758734561
2019-02-26,283,20190226,10238.21183762983,10233.70994164987,10281.43003903748,10186.89022345827,,1,1,1,1,1,1,1,1,1,1,1,1,1,1,0,0,-4.501896,-0.043972,0.99956,True,,1.0525155864025972,0_10130.640131885348,2,1,1,0,0,140.459155,149.674801,10000.799851,False,10306.64065652525,10130.640131885348,3.0,-0.017412716559669028,1.106856056057878
2019-02-27,284,20190227,10178.78681069433,9920.377981444504,10196.79439461419,9910.473810288597,,1,1,1,1,1,1,1,1,1,1,1,1,1,0,0,0,-258.408829,-2.5387,0.974613,False,,1.0473275750816116,平仓(止损)_10130.640131885348,3,0,0,0,0,133.481216,140.935826,9985.835549,False,10306.64065652525,10130.640131885348,3.0,-0.014787461738361096,1.090488464479049
2019-02-28,285,20190228,9931.182531796412,9919.477602248511,9968.998458028109,9846.546887373135,,0,1,1,1,1,1,1,1,1,1,1,1,1,0,0,0,-11.70493,-0.11786,0.998821,False,,1.0473275750816116,0_0.0,-1,0,0,0,0,177.824891,155.235966,9971.609558,False,0.0,0.0,3.0,0.0,1.090488464479049
2019-03-01,286,20190301,9947.389357324277,9973.500354008056,10014.01741782773,9922.178739836498,,0,0,0,1,1,1,1,1,1,1,0,1,1,0,0,0,26.110997,0.262491,1.002625,False,,1.0473275750816116,0_0.0,-1,0,0,0,0,162.74354,150.310362,9958.734135,False,0.0,0.0,3.0,0.0,1.090488464479049
2019-03-04,287,20190304,9995.109454711874,9935.684427776374,10012.21665943574,9832.140820237257,,0,0,0,0,0,1,1,1,1,0,0,1,1,0,0,0,-59.425027,-0.594541,0.994055,False,,1.0473275750816116,0_0.0,-1,0,0,0,0,158.691834,149.145166,9948.505828,False,0.0,0.0,3.0,0.0,1.090488464479049
2019-03-05,288,20190305,9915.87608546454,10032.92538094356,10039.22803531552,9878.960538428862,,0,0,0,0,0,1,1,1,1,0,1,1,1,0,0,0,117.049295,1.180423,1.011804,False,,1.0473275750816116,0_0.0,-1,0,0,0,0,180.075839,152.693719,9940.798582,False,0.0,0.0,3.0,0.0,1.090488464479049
2019-03-06,289,20190306,10014.91779702371,10190.49174024223,10207.5989449661,9985.205283555968,,0,0,0,0,0,1,1,1,1,1,1,1,1,1,0,0,175.573943,1.753124,1.017531,True,,1.0471181095665951,触发开仓_0.0,1,1,1,0,0,139.333681,156.50709,9933.181374,False,0.0,0.0,3.0,-0.000600000000000267,1.0898341714003612
2019-03-07,290,20190307,10190.49174024223,10217.503116122,10235.51070004186,10163.48036436247,,0,0,0,0,0,1,1,1,1,1,1,1,1,1,0,0,27.011376,0.265064,1.002651,True,,1.0474881813494423,0_10016.474623279324,2,1,1,0,0,164.319203,150.628143,9927.364924,False,10190.49174024223,10016.474623279324,3.0,0.0010602579961120906,1.0909896767950247
2019-03-08,291,20190308,10194.0932570262,10214.80197853403,10264.32283431362,10136.46898848269,,0,0,0,0,0,1,0,1,1,1,1,1,1,1,1,0,20.708722,0.203144,1.002031,True,,1.0496160941008144,0_10016.474623279324,2,1,1,0,0,158.691833,150.257399,9929.813955,False,10190.49174024223,10016.474623279324,3.0,0.006094329623740791,1.097638527501512
2019-03-11,292,20190311,10214.80197853402,10098.653062251,10214.80197853404,10039.22803531551,,0,0,0,0,0,1,0,1,1,0,1,1,1,1,0,0,-116.148916,-1.137065,0.988629,True,,1.0382363867782578,0_10016.474623279324,2,1,1,0,0,145.636335,147.344407,9929.435796,False,10190.49174024223,10016.474623279324,3.0,-0.03252534156015974,1.0619374594849345
2019-03-12,293,20190312,10104.05533742695,10133.76785089471,10163.48036436247,10089.64927029109,,0,0,0,0,1,1,0,1,1,0,1,1,1,1,0,0,29.712513,0.294065,1.002941,True,,1.0418445866610202,0_10016.474623279324,2,1,1,0,0,149.462947,151.95223,9927.923159,False,10190.49174024223,10016.474623279324,3.0,0.010425949028695314,1.0730091653091867
2019-03-13,294,20190313,10139.17012607066,10106.75647501494,10158.07808918652,10066.23941119529,,1,0,0,0,1,1,0,1,1,0,1,1,1,1,0,0,-32.413651,-0.319687,0.996803,True,,1.0389765303439529,0_10016.474623279324,2,1,1,0,0,112.322305,147.185517,9926.932742,False,10190.49174024223,10016.474623279324,3.0,-0.00825859159932607,1.0641476208305642
2019-03-14,295,20190314,10111.25837099489,10084.24699511513,10233.70994164988,10032.92538094357,,1,0,0,0,1,1,0,1,1,0,0,1,1,1,0,0,-27.011376,-0.267142,0.997329,True,,1.037033653484004,0_10016.474623279324,2,1,1,0,0,117.27439,141.730278,9924.645779,False,10190.49174024223,10016.474623279324,3.0,-0.005609973285842562,1.0581777811055117
2019-03-15,296,20190315,10092.35040787905,10124.76405893478,10124.7640589348,10024.82196817963,,0,1,0,0,1,1,0,1,1,0,0,1,1,1,0,0,32.413651,0.32117,1.003212,True,,1.0408268892581896,0_10016.474623279324,2,1,1,0,0,135.507069,147.132553,9923.331225,False,10190.49174024223,10016.474623279324,3.0,0.010973325006691903,1.0697895098124426
2019-03-18,297,20190318,10129.26595491474,10253.5182839617,10261.62169672564,10095.95192466304,,0,1,0,0,1,1,1,1,1,0,1,1,1,1,1,0,124.252329,1.226667,1.012267,True,,1.0559998323549316,0_10016.474623279324,2,1,1,0,0,116.599106,145.808466,9925.186006,False,10190.49174024223,10016.474623279324,3.0,0.043733333333334734,1.1165749710415749
2019-03-19,298,20190319,10276.9281430575,10283.23079742945,10295.83610617336,10211.20046175007,,0,1,1,1,1,1,1,1,1,1,1,1,1,1,1,0,6.302654,0.061328,1.000613,True,,1.0534093298749998,0_10016.474623279324,2,1,1,0,0,139.558775,146.973663,9926.42853,False,10190.49174024223,10016.474623279324,3.0,-0.00735938321359797,1.1083576679429679
2019-03-20,299,20190320,10251.71752556971,10205.7981865741,10268.82473029358,10203.99742818213,,1,1,1,1,1,1,1,1,1,1,1,1,1,1,1,0,-45.919339,-0.447918,0.995521,True,,1.0482283249151363,0_10016.474623279324,2,1,1,0,0,137.758017,141.200643,9934.47792,False,10190.49174024223,10016.474623279324,3.0,-0.014754962234324487,1.0920038924103455
2019-03-21,300,20190321,10201.29629059413,10223.80577049395,10243.6141128058,10175.18529391037,,1,1,1,1,1,1,1,1,1,1,1,1,1,1,1,0,22.50948,0.220653,1.002207,True,,1.050818827395068,0_10016.474623279324,2,1,1,0,0,107.370219,139.346921,9946.795107,False,10190.49174024223,10016.474623279324,3.0,0.007413945278023526,1.1000999495120645
2019-03-22,301,20190322,10226.50690808192,10142.77164285463,10258.92055913767,10138.26974687468,,1,1,1,1,1,1,1,1,1,1,0,0,1,1,1,1,-83.735265,-0.818806,0.991812,True,,1.0405493354210538,0_10016.474623279324,2,1,1,0,0,99.491901,137.81098,9955.744876,False,10190.49174024223,10016.474623279324,3.0,-0.029318541996830705,1.0678466229415837
2019-03-25,302,20190325,10126.56481732676,10148.17391803059,10170.68339793041,10095.95192466304,,1,1,1,1,1,1,1,1,1,1,0,1,1,1,1,1,21.609101,0.21339,1.002134,True,,1.0432323558466972,0_10016.474623279324,2,1,1,0,0,88.237161,125.894197,9967.557851,False,10190.49174024223,10016.474623279324,3.0,0.007735396105628345,1.0761068395500943
2019-03-26,303,20190326,10152.67581401054,10151.77543481456,10167.08188114644,10112.1587501909,,1,1,1,1,1,1,1,1,1,1,0,0,1,1,1,0,-0.900379,-0.008868,0.999911,True,,1.0424922122810034,0_10016.474623279324,2,1,1,0,0,85.761118,123.087132,9977.894204,False,10190.49174024223,10016.474623279324,3.0,-0.002128414331320272,1.0738164383307642
2019-03-27,304,20190327,10145.47278044261,10255.31904235369,10258.02017994168,10127.46519652277,,0,1,1,1,1,1,1,1,1,1,1,1,1,1,1,1,109.846262,1.082712,1.010827,True,,1.0555372426263725,0_10016.474623279324,2,1,1,0,0,79.683559,120.756739,9991.183801,False,10190.49174024223,10016.474623279324,3.0,0.037539936102235716,1.1141274388112314
2019-03-28,305,20190328,10272.42624707754,10240.91297521781,10279.62928064549,10223.80577049396,,0,1,1,1,1,1,1,1,1,1,1,1,1,1,1,1,-31.513272,-0.306775,0.996932,True,,1.052854222200729,0_10016.474623279324,2,1,1,0,0,95.2151,117.843748,10004.509414,False,10190.49174024223,10016.474623279324,3.0,-0.0076255587693927485,1.1056315945499833
2019-03-29,306,20190329,10246.31525039376,10460.60549903996,10513.72787160353,10224.70614968995,,1,1,1,1,1,1,1,1,1,1,1,1,1,1,1,1,214.290249,2.091388,1.020914,True,,1.0776490316515022,0_10016.474623279324,2,1,1,0,0,79.008274,111.699984,10022.553013,False,10190.49174024223,10016.474623279324,3.0,0.0706502636203874,1.183744758171969
2019-04-01,307,20190401,10487.61687491973,10449.80094868805,10487.61687491975,10410.18426406439,,1,1,1,1,1,1,1,1,1,1,1,1,1,1,1,1,-37.815926,-0.360577,0.996394,True,,1.0744109035515872,0_10162.33430376748,2,1,1,0,0,132.580837,115.619281,10039.047959,False,10190.49174024223,10162.33430376748,3.0,-0.009014423076924793,1.1730739821067147
2019-04-02,308,20190402,10456.10360305999,10432.69374396419,10476.81232456784,10382.27250898862,,1,1,1,1,1,1,1,1,1,1,1,1,1,1,1,1,-23.409859,-0.223887,0.997761,True,,1.0741333497144516,0_10150.920882210774,2,1,1,0,0,138.208206,115.937062,10054.804595,False,10190.49174024223,10150.920882210774,3.0,-0.0007749935417205034,1.1721648573466217
2019-04-03,309,20190403,10453.40246547201,10563.24872738309,10579.45555291097,10445.29905270809,,1,1,1,1,1,1,1,1,1,1,1,1,1,1,1,1,109.846262,1.050818,1.010508,True,,1.0852355031998722,0_10149.995469179888,2,1,1,0,0,129.204415,113.977413,10074.108725,False,10190.49174024223,10149.995469179888,3.0,0.031007751937984107,1.2085110544736481
2019-04-04,310,20190404,10561.4479689911,10464.20701582393,10570.45176095105,10426.39108959225,,1,1,1,1,1,1,1,1,1,1,1,1,1,1,1,1,-97.240953,-0.920716,0.990793,True,,1.0782966572714845,0_10231.334033877656,2,1,1,0,0,151.938989,112.282582,10091.468036,False,10190.49174024223,10231.334033877656,3.0,-0.019181585677748525,1.1853298961397556
2019-04-08,311,20190408,10493.91952929167,10556.04569381515,10566.85024416708,10462.40625743195,,1,1,1,1,1,1,1,1,1,1,1,1,1,1,1,1,62.126165,0.592021,1.00592,True,,1.087918523625515,0_10236.269567130272,2,1,1,0,0,115.698727,116.413734,10112.212773,False,10190.49174024223,10236.269567130272,3.0,0.02676962676962491,1.2170607350582952
2019-04-09,312,20190409,10587.55896567488,10692.903331606,10729.81887864171,10587.5589656749,,1,1,1,1,1,1,1,1,1,1,1,1,1,1,1,1,105.344366,0.994983,1.00995,True,,1.0987431232738012,0_10248.549438932654,2,1,1,0,0,122.451571,117.155222,10132.50732,False,10190.49174024223,10248.549438932654,3.0,0.02984947699634599,1.2533893614725737
2019-04-10,313,20190410,10692.903331606,10714.51243230982,10738.82267060163,10651.48588859036,,1,1,1,1,1,1,1,1,1,1,1,1,1,1,1,1,21.609101,0.202088,1.002021,True,,1.1053118974193417,0_10351.734510703816,2,1,1,0,0,142.259913,115.566318,10154.188451,False,10190.49174024223,10351.734510703816,3.0,0.017935331761535833,1.2758693154969638
2019-04-11,314,20190411,10756.83025452146,10721.71546587776,10764.03328808942,10660.48968055028,,1,1,1,1,1,1,1,1,1,1,1,1,1,1,1,1,-35.114789,-0.326442,0.996736,True,,1.1015186616451562,0_10420.288495861596,2,1,1,0,0,127.403656,114.824829,10175.599468,False,10190.49174024223,10420.288495861596,3.0,-0.010295471666527334,1.262733639109073
2019-04-12,315,20190412,10719.91470748577,10646.98399261039,10719.91470748579,10589.35972406688,,1,1,1,1,1,1,1,1,1,1,1,1,1,1,1,1,-72.930715,-0.680329,0.993197,True,,1.090607660542104,0_10422.447792933663,2,1,1,0,0,117.274391,111.170349,10193.805136,False,10190.49174024223,10422.447792933664,3.0,-0.029716249437180542,1.2252099313165892
2019-04-15,316,20190415,10613.72948768812,10656.68322321271,10678.85289316091,10509.80915980607,,1,1,1,1,1,1,1,1,1,1,1,1,1,1,1,1,42.953736,0.4047,1.004047,True,,1.0943094620008629,0_10433.090038420685,2,1,1,0,0,124.252329,113.977414,10207.41477,False,10190.49174024223,10433.090038420683,3.0,0.01018276762402004,1.2376859593378275
2019-04-16,317,20190416,10649.7552013539,11098.69101780443,11149.9583795596,10635.89915763631,,1,1,1,1,1,1,1,1,1,1,1,1,1,1,1,1,448.935816,4.215457,1.042155,True,,1.1375920636725076,0_10424.915558103916,2,1,1,0,0,123.069966,119.260376,10229.882568,False,10190.49174024223,10424.915558103916,3.0,0.11865729898516753,1.38454643226472
2019-04-17,318,20190417,11070.9789303692,11224.78101563466,11258.03552055694,11069.59332599746,,1,1,1,1,1,1,1,1,1,1,1,1,1,1,1,1,153.802085,1.389237,1.013892,True,,1.1515450076324465,0_10751.391758192503,2,1,1,0,0,229.750576,145.473929,10258.005486,False,10190.49174024223,10751.391758192503,3.0,0.036795994993743975,1.4354921958549387
2019-04-18,319,20190418,11206.76815880177,11102.84783091971,11217.85299377588,11040.49563419048,,1,1,1,1,1,1,1,1,1,1,1,1,1,1,1,1,-103.920328,-0.9273,0.990727,True,,1.1439990277357448,0_10801.145022448307,2,1,1,0,0,250.975223,149.461658,10283.905831,False,10190.49174024223,10801.145022448309,3.0,-0.019658753709200005,1.4072722083251477
2019-04-19,320,20190419,11133.33112709844,11481.11782441042,11536.54199928087,11133.33112709846,,1,1,1,1,1,1,1,1,1,1,1,1,1,1,1,1,347.786697,3.123833,1.031238,True,,1.18400695888618,0_10789.53231942251,2,1,1,0,0,263.957633,155.906005,10317.137477,False,10190.49174024223,10789.53231942251,3.0,0.10491599253266992,1.5549175688252228
2019-04-22,321,20190422,11522.68595556324,11457.56255009049,11582.26694354898,11374.42628778485,,1,1,1,1,1,1,1,1,1,1,1,1,1,1,1,1,-65.123405,-0.565176,0.994348,True,,1.176460978989479,0_11068.670616004412,2,1,1,0,0,330.120242,178.186654,10349.988056,False,10190.49174024223,11068.670616004412,3.0,-0.019119769119768093,1.5251879039090135
2019-04-23,322,20190423,11449.24892385992,11377.19749652836,11499.13068124333,11334.24376100378,,1,1,1,1,1,1,1,1,1,1,1,1,1,1,1,1,-72.051427,-0.629311,0.993707,True,,1.170338768884608,0_11003.786929059026,2,1,1,0,0,253.5656,182.73287,10375.865074,False,10190.49174024223,11003.786929059026,3.0,-0.015611763282101343,1.5013770313924617
2019-04-24,323,20190424,11389.6679358742,11389.66793587421,11561.48287797257,11364.72705718252,,1,1,1,1,1,1,1,1,1,1,1,1,1,1,1,1,0.0,0.0,1.0,True,,1.1714777847180726,0_10990.547850801919,2,1,1,0,0,247.676781,189.148365,10401.343227,False,10190.49174024223,10990.54785080192,3.0,0.0029197080291976096,1.5057606139658712
2019-04-25,324,20190425,11400.75277084829,11384.12551838717,11468.6473850646,11343.94299160611,,1,1,1,1,1,1,1,1,1,1,1,1,1,1,1,1,-16.627252,-0.145843,0.998542,True,,1.1717625386764383,0_10971.865227635077,2,1,1,0,0,250.794391,183.720959,10427.556888,False,10190.49174024223,10971.865227635077,3.0,0.0007292173067565688,1.5068586406654076
2019-04-26,325,20190426,11403.52397959181,11246.95068558284,11476.96101129516,11141.64475332902,,1,1,1,1,1,1,1,1,1,1,1,1,1,1,1,1,-156.573294,-1.373026,0.98627,True,,1.1649284436756526,0_10987.670427556744,2,1,1,0,0,173.546947,186.501652,10450.558856,False,10190.49174024223,10987.670427556744,3.0,-0.017496962332927524,1.4804931917886386
2019-04-29,326,20190429,11337.01496974729,11306.53167356856,11395.21035336127,11271.89156427454,,1,1,1,1,1,1,1,1,1,1,1,1,1,1,1,1,-30.483296,-0.268883,0.997311,True,,1.163931804821371,0_10979.572745388545,2,1,1,0,0,205.415848,200.664972,10473.671988,False,10190.49174024223,10979.572745388545,3.0,-0.0025666096308980535,1.4766933437041148
2019-04-30,327,20190430,11327.31573914496,11259.42112492869,11349.48540909316,11190.14090634065,,0,1,1,1,1,1,1,1,1,1,1,1,1,1,1,1,-67.894614,-0.599388,0.994006,True,,1.1617961501336256,0_10938.327608364603,2,1,1,0,0,201.259035,200.753082,10496.617236,False,10190.49174024223,10938.327608364603,3.0,-0.00550458715596247,1.4685647564910658
2019-05-06,328,20190506,11306.53167356855,11330.08694788849,11472.80419817988,11237.25145498052,,0,1,1,1,1,1,1,1,1,1,1,1,1,1,1,1,23.555274,0.208333,1.002083,True,,1.1680607372176786,0_10938.07102240713,2,1,1,0,0,191.906205,201.652131,10519.93136,False,10190.49174024223,10938.07102240713,3.0,0.016176470588233238,1.4923209510813593
2019-05-07,329,20190507,11367.49826592602,11402.13837522005,11454.79134134699,11319.00211291441,,0,0,1,1,1,1,1,1,1,1,1,1,1,1,1,1,34.640109,0.304729,1.003047,True,,1.1707658998221568,0_10935.45289338115,2,1,1,0,0,219.618293,209.36441,10545.010649,False,10190.49174024223,10935.45289338115,3.0,0.006947830326671234,1.5026893438424092
2019-05-08,330,20190508,11393.82474898948,11503.2874943586,11546.2412298832,11393.8247489895,,0,0,1,1,1,1,1,1,1,1,1,1,1,1,1,1,109.462745,0.96072,1.009607,True,,1.1814441732608847,0_10912.993893364073,2,1,1,0,0,169.736536,207.13006,10571.608708,False,10190.49174024223,10912.993893364071,3.0,0.027362276541407438,1.5438063452244513
2019-05-09,331,20190509,11497.74507687154,11792.87880805662,11816.43408237657,11497.74507687156,,1,1,1,1,1,1,1,1,1,1,1,1,1,1,1,1,295.133731,2.566884,1.025669,True,,1.2156146482648156,0_10919.500564957278,2,1,1,0,0,170.775739,210.958278,10601.6396,False,10190.49174024223,10919.500564957278,3.0,0.08676789587852651,1.677759173443495
2019-05-10,332,20190510,11830.29012609415,11863.54463101642,11931.43924523272,11780.40836871077,,1,1,1,1,1,1,1,1,1,1,1,1,1,1,1,1,33.254505,0.281096,1.002811,True,,1.2215944813905038,0_11215.956545941703,2,1,1,0,0,210.611864,223.613889,10633.44396,False,10190.49174024223,11215.956545941704,3.0,0.014757554462404343,1.7025187958203858
2019-05-13,333,20190513,11888.48550970811,12279.22594254467,12315.25165621048,11863.54463101642,,1,1,1,1,1,1,1,1,1,1,1,1,1,1,1,1,390.740433,3.286713,1.032867,True,,1.2616024125409375,0_11237.297406052932,2,1,1,0,0,189.481398,224.712427,10674.35428,False,10190.49174024223,11237.297406052932,3.0,0.09825174825174554,1.8697942439411952
2019-05-14,334,20190514,12277.8403381729,12086.62693486992,12342.96374364569,12031.20275999949,,1,1,1,1,1,1,1,1,1,1,1,1,1,1,1,1,-191.213403,-1.557386,0.984426,True,,1.2485037304560973,0_11624.838776075405,2,1,1,0,0,268.460847,241.339679,10717.67926,False,10190.49174024223,11624.838776075405,3.0,-0.03114772599029536,1.8115544051726833
2019-05-15,335,20190515,12150.3647359709,12772.50109889154,12879.19263551714,12021.50352939716,,1,1,1,1,1,1,1,1,1,1,1,1,1,1,1,1,622.136363,5.12031,1.051203,True,,1.3128581250468334,0_11576.41839956258,2,1,1,0,0,308.296973,229.439783,10774.739729,False,10190.49174024223,11576.41839956258,3.0,0.15463564830653698,2.0916852950591243
2019-05-16,336,20190516,12776.65791200681,12850.09494371014,13117.51658746001,12693.52164970117,,1,1,1,1,1,1,1,1,1,1,1,1,1,1,1,1,73.437032,0.574775,1.005748,True,,1.3275229539026865,0_12108.504167787347,2,1,1,0,0,443.046998,268.807248,10832.271621,False,10190.49174024223,12108.504167787349,3.0,0.03351046524238099,2.1617786424372025
2019-05-17,337,20190517,12919.37516229818,13017.75307269321,13073.17724756366,12823.76846064669,,1,1,1,1,1,1,1,1,1,1,1,1,1,1,1,1,98.37791,0.761476,1.007615,True,,1.3437539295295535,0_12136.579053985393,2,1,1,0,0,511.288013,282.90781,10893.912994,False,10190.49174024223,12136.579053985392,3.0,0.03667953667953716,2.241071681445518
2019-05-20,338,20190520,13077.33406067892,13425.1207579909,13437.59119733677,13077.33406067893,,1,1,1,1,1,1,1,1,1,1,1,1,1,1,1,1,347.786697,2.659462,1.026595,True,,1.384331368596721,0_12253.475573502663,2,1,1,0,0,460.713454,272.067494,10961.756902,False,10190.49174024223,12253.475573502665,3.0,0.09059122695486432,2.4440931147614684
2019-05-21,339,20190521,13472.23130663076,13444.51921919555,13513.79943778361,13319.81482573708,,1,1,1,1,1,1,1,1,1,1,1,1,1,1,1,1,-27.712087,-0.205698,0.997943,True,,1.3749344879706396,0_12679.941005360266,2,1,1,0,0,487.732739,284.537933,11026.837451,False,10190.49174024223,12679.941005360266,3.0,-0.020364085158902645,2.394321394436178
2019-05-22,340,20190522,13380.78141809454,13674.52954490785,13847.73009137798,13281.01790332778,,1,1,1,1,1,1,1,1,1,1,1,1,1,1,1,1,293.748127,2.195299,1.021953,True,,1.406257423390909,0_12643.625722975648,2,1,1,0,0,321.806616,286.249562,11095.97798,False,10190.49174024223,12643.625722975648,3.0,0.06834420627524151,2.557959389706748
2019-05-23,341,20190523,13685.61437988193,13635.73262249855,13753.50899409824,13537.35471210353,,1,1,1,1,1,1,1,1,1,1,1,1,1,1,1,1,-49.881757,-0.364483,0.996355,True,,1.4011318521403198,0_12852.024345360838,2,1,1,0,0,357.485928,308.011701,11164.396593,False,10190.49174024223,12852.024345360838,3.0,-0.010934494279639106,2.5299893973924505
2019-05-24,342,20190524,13635.73262249854,14076.3548127185,14119.30854824311,13555.36756893642,,1,1,1,1,1,1,1,1,1,1,1,1,1,1,1,1,440.62219,3.231379,1.032314,True,,1.423057906934508,0_12788.650616250075,2,1,1,0,0,349.172302,313.391107,11243.950628,False,10190.49174024223,12788.650616250075,3.0,0.04694644853165242,2.6487634144227616
2019-05-27,343,20190527,13849.11569574971,13444.51921919555,14105.4525045255,13390.48064869688,,1,1,1,1,1,1,1,1,1,1,1,1,1,1,1,1,-404.596477,-2.921461,0.970785,True,,1.3870365312011987,0_13163.725630415216,2,1,1,0,0,385.198015,326.83962,11310.165655,False,10190.49174024223,13163.725630415216,3.0,-0.07593796898449112,2.447621700411071
2019-05-28,344,20190528,13498.55778969422,13202.0384541374,13547.05394270588,13080.10526942245,,1,1,1,1,1,1,1,1,1,1,1,1,1,1,1,1,-296.519336,-2.196674,0.978033,True,True,1.3483370970727018,平仓(止损)_13124.562089560864,3,0,0,0,0,515.444826,360.175631,11372.071295,False,10190.49174024223,13124.562089560864,3.0,-0.08370241141734591,2.24274986184924
2019-05-29,345,20190529,13251.92021152078,13317.04361699355,13432.04877984973,13197.88164102213,,1,1,1,1,1,1,1,1,1,1,1,1,1,1,1,1,65.123405,0.491426,1.004914,True,True,1.3483370970727018,0_0.0,-1,0,0,0,0,490.503947,378.269994,11436.727227,False,0.0,0.0,3.0,0.0,2.24274986184924
2019-05-30,346,20190530,13415.42152738856,13469.46009788725,13627.41899626801,13204.80966288093,,1,1,1,1,1,1,1,1,1,1,1,1,1,1,1,1,54.03857,0.402809,1.004028,True,True,1.3483370970727018,0_0.0,-1,0,0,0,0,495.007162,378.188487,11503.621148,False,0.0,0.0,3.0,0.0,2.24274986184924
2019-05-31,347,20190531,13423.73515361913,13414.03592301681,13491.62976783544,13293.48834267363,,0,1,1,1,1,1,1,1,1,1,1,1,1,1,1,1,-9.699231,-0.072254,0.999277,True,True,1.3483370970727018,0_0.0,-1,0,0,0,0,459.67425,395.060258,11566.831501,False,0.0,0.0,3.0,0.0,2.24274986184924
2019-06-03,348,20190603,13371.08218749222,13063.47801696132,13519.34185527066,12940.15922787461,,0,0,1,1,1,1,1,1,1,1,1,1,1,1,1,1,-307.604171,-2.300518,0.976995,True,True,1.3483370970727018,0_0.0,-1,0,0,0,0,330.466642,397.749961,11622.436445,False,0.0,0.0,3.0,0.0,2.24274986184924
2019-06-04,349,20190604,13143.84307052344,13186.79680604803,13224.2081240856,12938.77362350285,,0,0,0,1,1,1,1,1,1,1,1,1,1,1,1,1,42.953736,0.326797,1.003268,True,True,1.3483370970727018,0_0.0,-1,0,0,0,0,358.525131,413.073115,11682.056417,False,0.0,0.0,3.0,0.0,2.24274986184924
2019-06-05,350,20190605,13253.30581589255,13135.52944429288,13286.56032081484,13075.94845630717,,0,0,0,0,1,1,1,1,1,1,1,1,1,1,1,1,-117.776372,-0.888657,0.991113,True,True,1.3483370970727018,0_0.0,-1,0,0,0,0,371.341971,420.979211,11740.290891,False,0.0,0.0,3.0,0.0,2.24274986184924
2019-06-06,351,20190606,13024.681094552,12549.41879503804,13046.85076450021,12408.08714911844,,0,0,0,0,1,1,1,1,1,0,1,1,1,1,1,1,-475.2623,-3.648936,0.963511,True,True,1.3483370970727018,0_0.0,-1,0,0,0,0,318.342604,406.797142,11788.423834,False,0.0,0.0,3.0,0.0,2.24274986184924
2019-06-10,352,20190610,12298.62440374932,12470.43934584767,12599.30055242145,12283.38275565996,,0,0,0,0,0,1,0,1,1,0,1,1,1,1,1,1,171.814942,1.397026,1.01397,True,True,1.3483370970727018,0_0.0,-1,0,0,0,0,450.667822,431.248984,11834.869143,False,0.0,0.0,3.0,0.0,2.24274986184924
2019-06-11,353,20190611,12577.13088247325,12647.79670543306,12700.44967156,12517.54989448755,,0,0,0,0,0,1,0,1,1,0,1,1,1,1,1,1,70.665823,0.56186,1.005619,True,True,1.3483370970727018,0_0.0,-1,0,0,0,0,384.851614,399.380084,11884.789568,False,0.0,0.0,3.0,0.0,2.24274986184924
2019-06-12,354,20190612,12604.84296990847,12520.32110323106,12604.8429699085,12372.06143545266,,0,0,0,0,0,1,0,1,1,0,1,1,1,1,1,1,-84.521867,-0.670551,0.993294,True,True,1.3483370970727018,0_0.0,-1,0,0,0,0,370.995571,387.969224,11930.089609,False,0.0,0.0,3.0,0.0,2.24274986184924
2019-06-13,355,20190613,12559.11802564036,12858.40856994071,12952.62966722047,12559.11802564037,,0,0,0,0,0,1,0,1,1,0,1,1,1,1,1,1,299.290544,2.383054,1.023831,True,True,1.3483370970727018,0_0.0,-1,0,0,0,0,387.276422,389.517841,11982.439521,False,0.0,0.0,3.0,0.0,2.24274986184924
2019-06-14,356,20190614,12854.25175682542,12671.351979753,13009.43944646267,12642.25428794603,,0,0,0,0,0,1,0,1,1,0,0,1,1,1,1,1,-182.899777,-1.422874,0.985771,True,True,1.3483370970727018,0_0.0,-1,0,0,0,0,313.492989,390.251396,12026.654451,False,0.0,0.0,3.0,0.0,2.24274986184924
2019-06-17,357,20190617,12650.56791417657,12660.26714477891,12743.40340708458,12557.73242126861,,0,0,0,0,0,0,0,0,1,0,0,1,1,1,1,1,9.699231,0.07667,1.000767,True,True,1.3483370970727018,0_0.0,-1,0,0,0,0,326.30983,400.439663,12070.863775,False,0.0,0.0,3.0,0.0,2.24274986184924
2019-06-18,358,20190618,12657.49593603538,12392.84550102906,12686.59362784239,12377.6038529397,,0,0,0,0,0,0,0,0,1,0,0,1,1,1,1,1,-264.650435,-2.090859,0.979091,True,True,1.3483370970727018,0_0.0,-1,0,0,0,0,315.224995,378.025475,12110.06681,False,0.0,0.0,3.0,0.0,2.24274986184924
2019-06-19,359,20190619,12470.43934584766,12457.96890650182,12574.35967372976,12333.26451304336,,0,0,0,0,0,0,0,0,0,0,0,1,1,1,1,1,-12.470439,-0.1,0.999,True,True,1.3483370970727018,0_0.0,-1,0,0,0,0,323.538621,383.486386,12147.961213,False,0.0,0.0,3.0,0.0,2.24274986184924
2019-06-20,360,20190620,12484.29538956527,12304.16682123637,12564.66044312743,12194.70407586727,,0,0,0,0,0,0,0,0,0,0,0,0,1,1,1,1,-180.128568,-1.442841,0.985572,True,True,1.3483370970727018,0_0.0,-1,0,0,0,0,275.73527,364.495456,12184.760409,False,0.0,0.0,3.0,0.0,2.24274986184924
2019-06-21,361,20190621,12347.12055676094,12625.62703548489,12690.75044095767,12297.23879937757,,0,0,0,0,0,0,0,0,0,0,0,0,1,1,1,1,278.506479,2.255639,1.022556,True,True,1.3483370970727018,0_0.0,-1,0,0,0,0,276.428072,344.200427,12226.152036,False,0.0,0.0,3.0,0.0,2.24274986184924
2019-06-24,362,20190624,12617.31340925431,12647.79670543306,12715.69131964937,12557.73242126861,,0,0,0,0,0,0,0,0,0,0,0,0,1,1,1,1,30.483296,0.241599,1.002416,True,True,1.3483370970727018,0_0.0,-1,0,0,0,0,328.388236,339.880602,12265.249904,False,0.0,0.0,3.0,0.0,2.24274986184924
2019-06-25,363,20190625,12596.5293436779,12632.55505734369,12685.20802347063,12485.68099393705,,0,0,0,0,0,0,0,0,0,0,0,0,1,1,1,1,36.025714,0.285997,1.00286,True,True,1.3483370970727018,0_0.0,-1,0,0,0,0,290.630517,335.397764,12303.610756,False,0.0,0.0,3.0,0.0,2.24274986184924
2019-06-26,364,20190626,12650.56791417657,12613.15659613904,12696.29285844471,12572.97406935798,,0,0,0,0,0,0,0,0,0,0,0,0,1,1,1,1,-37.411318,-0.295728,0.997043,True,True,1.3483370970727018,0_0.0,-1,0,0,0,0,280.238484,322.275276,12341.439579,False,0.0,0.0,3.0,0.0,2.24274986184924
2019-06-27,365,20190627,12607.61417865199,12829.31087813373,12952.62966722047,12582.67329996031,,0,1,0,0,0,0,0,0,0,0,0,0,1,1,1,1,221.696699,1.758435,1.017584,True,True,1.3483370970727018,0_0.0,-1,0,0,0,0,218.57909,317.873944,12385.086117,False,0.0,0.0,3.0,0.0,2.24274986184924
2019-06-28,366,20190628,12865.3365917995,12636.71187045898,12947.08724973343,12624.24143111314,,0,1,1,0,0,0,0,0,0,1,0,0,0,1,1,1,-228.624721,-1.77706,0.982229,True,True,1.3483370970727018,0_0.0,-1,0,0,0,0,212.690271,305.566517,12424.686689,False,0.0,0.0,3.0,0.0,2.24274986184924
2019-07-01,367,20190701,12672.73758412474,12593.75813493439,12728.16175899521,12542.49077317925,,0,1,1,1,0,0,0,0,0,1,0,0,0,1,1,1,-78.979449,-0.623223,0.993768,True,True,1.3483370970727018,0_0.0,-1,0,0,0,0,253.912001,307.767183,12454.588032,False,0.0,0.0,3.0,0.0,2.24274986184924
2019-07-02,368,20190702,12596.5293436779,12650.56791417658,12715.69131964936,12513.39308137227,,1,1,1,1,0,0,0,0,0,1,0,0,0,1,1,1,54.03857,0.428996,1.00429,True,,1.3480674296532873,触发开仓_0.0,1,1,1,0,0,250.44799,306.300072,12483.10377,False,0.0,0.0,3.0,-0.0005999999999999339,2.2414042119321302
2019-07-03,369,20190703,12631.16945297192,12552.19000378156,12705.99208904704,12421.94319283605,,1,1,1,1,0,0,0,0,0,1,0,0,0,1,1,1,-78.979449,-0.625274,0.993747,True,,1.343483172268551,0_12415.474298301802,2,1,1,0,0,270.192853,275.409246,12512.090613,False,12631.16945297192,12415.474298301802,3.0,-0.010201842913559633,2.2185377582562076
2019-07-04,370,20190704,12588.21571744733,12809.91241692908,12852.86615245369,12564.66044312742,,0,1,1,1,0,0,0,0,0,0,0,0,0,1,1,1,221.696699,1.761145,1.017611,True,,1.3708408373064909,0_12415.474298301802,2,1,1,0,0,248.715985,273.534604,12538.666505,False,12631.16945297192,12415.474298301802,3.0,0.06108970831040206,2.3540675827836925
2019-07-05,371,20190705,12844.55252622309,12881.96384426065,12908.29032732412,12757.25945080218,,1,1,1,1,1,0,1,0,0,1,1,0,0,1,1,1,37.411318,0.291262,1.002913,True,,1.3823754204035688,0_12415.474298301802,2,1,1,0,0,243.173567,277.691417,12567.154531,False,12631.16945297192,12415.474298301802,3.0,0.025242718446603307,2.4134906479801774
2019-07-08,372,20190708,12952.62966722044,13362.76856126166,13384.93823120986,12952.62966722046,,1,1,1,1,1,0,1,0,0,1,1,0,0,1,1,1,410.138894,3.166453,1.031665,True,,1.4273307186280748,0_12415.474298301802,2,1,1,0,0,234.51354,270.355865,12606.865952,False,12631.16945297192,12415.474298301802,3.0,0.0975609756097553,2.648953150222144
2019-07-09,373,20190709,13373.85339623574,13397.40867055569,13502.71460280953,13189.56801479156,,1,1,1,1,1,0,1,0,0,1,1,1,0,1,1,1,23.555274,0.176129,1.001761,True,,1.4370907504794472,0_12586.547545831227,2,1,1,0,0,309.682577,274.512678,12647.020767,False,12631.16945297192,12586.547545831228,3.0,0.020513883133028266,2.703293465570668
2019-07-10,374,20190710,13465.30328477195,13318.42922136532,13475.00251537431,13218.66570659854,,1,1,1,1,1,1,1,1,0,1,1,1,1,1,1,1,-146.874063,-1.090759,0.989092,True,,1.4270349600871235,0_12665.89234023923,2,1,1,0,0,316.957,271.333939,12685.706841,False,12631.16945297192,12665.89234023923,3.0,-0.020991973657131013,2.6465460003539145
2019-07-11,375,20190711,13371.08218749221,13305.95878201947,13384.93823120986,13082.87647816598,,1,1,1,1,1,1,1,1,0,1,1,1,0,1,1,1,-65.123405,-0.487047,0.99513,True,,1.4243731332185676,0_12675.149175897703,2,1,1,0,0,305.872165,275.490752,12726.887003,False,12631.16945297192,12675.149175897704,3.0,-0.005595854922278987,2.6317363128907965
2019-07-12,376,20190712,13346.14130880052,13426.50636236266,13587.23646948694,13247.76339840552,,1,1,1,1,1,1,1,1,0,1,1,1,0,1,1,1,80.365054,0.602159,1.006022,True,,1.4265913222756976,0_12663.044081769496,2,1,1,0,0,343.629884,275.083221,12769.286497,False,12631.16945297192,12663.044081769496,3.0,0.004671926910298607,2.644031592591801
2019-07-15,377,20190715,13366.92537437693,13364.15416563342,13499.94339406601,13296.25955141715,,1,1,1,1,1,1,1,1,0,1,1,1,0,1,1,1,-2.771209,-0.020732,0.999793,True,,1.4249646503004687,0_12664.230856617236,2,1,1,0,0,302.754555,280.870157,12811.381158,False,12631.16945297192,12664.230856617236,3.0,-0.003420752565564622,2.634987014738009
2019-07-16,378,20190716,13351.68372628756,13477.77372411781,13530.42669024475,13222.82251971383,,1,1,1,1,1,1,1,1,1,1,1,1,1,1,1,1,126.089998,0.944375,1.009444,True,,1.4370907504794472,0_12647.378666010178,2,1,1,0,0,275.388869,271.08942,12854.334893,False,12631.16945297192,12647.378666010178,3.0,0.02552926525529231,2.7022562971815063
2019-07-17,379,20190717,13465.30328477195,13373.85339623575,13668.98712742083,13330.89966071117,,1,1,1,1,1,1,1,1,1,1,1,1,1,0,1,1,-91.449889,-0.679152,0.993208,False,,1.4242361082865451,平仓_12688.33168131705,3,0,0,0,0,288.20571,266.036039,12893.769194,False,12631.16945297192,12688.33168131705,3.0,-0.026834719077998614,2.6297420085698877
2019-07-18,380,20190718,13347.52691317228,13304.57317764771,13433.43438422149,13236.67856343143,,1,1,1,1,1,1,1,1,1,1,1,1,1,0,1,1,-42.953736,-0.32181,0.996782,False,,1.4242361082865451,0_0.0,-1,0,0,0,0,297.212138,276.631838,12929.794907,False,0.0,0.0,3.0,0.0,2.6297420085698877
2019-07-19,381,20190719,13267.16185961015,13353.06933065934,13396.02306618394,13134.14383992113,,1,1,1,1,1,1,1,1,1,1,1,1,1,0,1,1,85.907471,0.64752,1.006475,False,,1.4242361082865451,0_0.0,-1,0,0,0,0,261.532826,276.468825,12960.998718,False,0.0,0.0,3.0,0.0,2.6297420085698877
2019-07-22,382,20190722,13418.19273613208,13188.18241041979,13454.2184497979,13146.61427926698,,0,1,1,1,1,1,1,1,1,1,1,1,1,0,1,1,-230.010326,-1.714168,0.982858,False,,1.4242361082865451,0_0.0,-1,0,0,0,0,276.081671,284.619439,12987.491473,False,0.0,0.0,3.0,0.0,2.6297420085698877
2019-07-23,383,20190723,13184.0255973045,12768.34428577626,13251.92021152082,12729.54736336696,,0,0,1,1,1,1,1,1,1,1,1,1,1,0,1,1,-415.681312,-3.152916,0.968471,False,,1.4242361082865451,0_0.0,-1,0,0,0,0,276.081671,280.951663,12997.27384,False,0.0,0.0,3.0,0.0,2.6297420085698877
2019-07-24,384,20190724,12717.07692402109,12794.67076883971,12837.62450436432,12613.15659613905,,0,0,0,0,1,1,1,1,1,1,1,1,1,0,1,1,77.593845,0.610155,1.006102,False,,1.4242361082865451,0_0.0,-1,0,0,0,0,322.153016,292.688547,13011.434717,False,0.0,0.0,3.0,0.0,2.6297420085698877
2019-07-25,385,20190725,12800.21318632675,12766.9586814045,12829.31087813375,12699.06406718822,,0,0,0,0,0,1,1,1,1,0,0,1,0,0,0,1,-33.254505,-0.259796,0.997402,False,,1.4242361082865451,0_0.0,-1,0,0,0,0,329.081038,294.970719,13011.323868,False,0.0,0.0,3.0,0.0,2.6297420085698877
2019-07-26,386,20190726,12751.71703331512,12836.23889999254,12884.73505300419,12651.95351854836,,0,0,0,0,0,1,1,1,1,0,1,1,1,0,0,1,84.521867,0.662827,1.006628,False,,1.4242361082865451,0_0.0,-1,0,0,0,0,296.172934,290.7324,13011.046748,False,0.0,0.0,3.0,0.0,2.6297420085698877
2019-07-29,387,20190729,12859.79417431246,12811.29802130084,12905.5191185806,12700.44967155999,,0,0,0,0,0,1,0,1,1,0,1,1,1,0,0,1,-48.496153,-0.377115,0.996229,False,,1.4242361082865451,0_0.0,-1,0,0,0,0,277.467275,287.716673,13006.917647,False,0.0,0.0,3.0,0.0,2.6297420085698877
2019-07-30,388,20190730,12811.29802130083,12937.38801913108,13010.82505083442,12722.61934150816,,0,0,0,0,0,0,0,1,1,0,1,1,1,0,0,1,126.089998,0.984209,1.009842,False,,1.4242361082865451,0_0.0,-1,0,0,0,0,198.141425,282.092749,12997.162992,False,0.0,0.0,3.0,0.0,2.6297420085698877
2019-07-31,389,20190731,12938.77362350283,12911.06153606763,12960.94329345103,12865.33659179953,,0,0,0,0,0,0,0,1,1,0,1,1,1,0,0,1,-27.712087,-0.214179,0.997858,False,,1.4242361082865451,0_0.0,-1,0,0,0,0,214.075875,290.161857,12986.493838,False,0.0,0.0,3.0,0.0,2.6297420085698877
2019-08-01,390,20190801,12863.95098742774,12769.72989014802,13013.59625957795,12761.41626391746,,0,0,0,0,0,0,0,0,1,0,0,0,1,0,0,1,-94.221097,-0.732443,0.992676,False,,1.4242361082865451,0_0.0,-1,0,0,0,0,205.415848,266.199052,12968.397845,False,0.0,0.0,3.0,0.0,2.6297420085698877
2019-08-02,391,20190802,12676.89439724003,12938.77362350284,12954.01527159223,12639.48307920251,,0,0,0,0,0,0,0,0,1,0,1,1,1,1,0,1,261.879226,2.0658,1.020658,False,,1.4242361082865451,0_0.0,-1,0,0,0,0,210.265464,262.612782,12954.458665,False,0.0,0.0,3.0,0.0,2.6297420085698877
2019-08-05,392,20190805,12948.47285410516,12658.88154040715,12999.74021586034,12561.8892343839,,0,0,0,0,0,0,0,0,1,0,0,1,1,1,0,1,-289.591314,-2.23649,0.977635,False,,1.4242361082865451,0_0.0,-1,0,0,0,0,237.63115,266.036039,12926.1092,False,0.0,0.0,3.0,0.0,2.6297420085698877
2019-08-06,393,20190806,12650.56791417657,13024.68109455202,13080.10526942247,12625.6270354849,,1,0,0,0,0,0,0,0,0,0,0,1,1,1,0,1,374.11318,2.957284,1.029573,False,,1.4242361082865451,0_0.0,-1,0,0,0,0,275.042468,274.023641,12917.712437,False,0.0,0.0,3.0,0.0,2.6297420085698877
2019-08-07,394,20190807,12998.35461148855,12786.35714260915,13046.8507645002,12750.33142894338,,0,0,0,0,0,0,0,0,0,0,0,1,1,1,0,1,-211.997469,-1.630956,0.98369,False,,1.4242361082865451,0_0.0,-1,0,0,0,0,364.760351,280.788651,12909.398811,False,0.0,0.0,3.0,0.0,2.6297420085698877
2019-08-08,395,20190808,12819.6116475314,12778.04351637858,12905.5191185806,12708.76329779055,,0,0,0,0,0,0,0,0,0,0,0,0,0,0,0,1,-41.568131,-0.324254,0.996757,False,,1.4242361082865451,0_0.0,-1,0,0,0,0,375.845186,286.249562,12898.618809,False,0.0,0.0,3.0,0.0,2.6297420085698877
2019-08-09,396,20190809,12823.76846064668,12640.86868357426,12841.7813174796,12360.97660047858,,0,0,0,0,0,0,0,0,0,0,0,0,1,0,0,0,-182.899777,-1.426256,0.985737,False,,1.4242361082865451,0_0.0,-1,0,0,0,0,346.401093,279.729071,12882.046981,False,0.0,0.0,3.0,0.0,2.6297420085698877
2019-08-12,397,20190812,12704.60648467525,12593.75813493439,12829.31087813375,12487.06659830881,,0,0,0,0,0,0,0,0,0,0,0,0,1,0,0,0,-110.84835,-0.872505,0.991275,False,,1.4242361082865451,0_0.0,-1,0,0,0,0,357.139527,288.124203,12865.641425,False,0.0,0.0,3.0,0.0,2.6297420085698877
2019-08-13,398,20190813,12577.13088247325,12374.83264419618,12588.21571744736,12262.59869008355,,0,0,0,0,0,0,0,0,0,0,0,0,0,0,0,0,-202.298238,-1.608461,0.983915,False,,1.4242361082865451,0_0.0,-1,0,0,0,0,329.081038,296.682348,12851.868517,False,0.0,0.0,3.0,0.0,2.6297420085698877
2019-08-14,399,20190814,12380.37506168321,12435.79923655365,12464.89692836064,12237.65781139186,,0,0,0,0,0,0,0,0,0,0,0,0,0,0,0,0,55.424175,0.447678,1.004477,False,,1.4242361082865451,0_0.0,-1,0,0,0,0,337.741066,300.757655,12836.848566,False,0.0,0.0,3.0,0.0,2.6297420085698877
2019-08-15,400,20190815,12373.4470398244,12517.54989448754,12535.56275132045,12341.57813927392,,0,0,0,0,0,0,0,0,0,0,0,0,0,1,0,0,144.102855,1.164614,1.011646,False,,1.4242361082865451,0_0.0,-1,0,0,0,0,345.36189,296.030299,12824.488975,False,0.0,0.0,3.0,0.0,2.6297420085698877
2019-08-16,401,20190816,12545.26198192275,12517.54989448754,12620.08461799786,12456.58330213008,,0,0,0,0,0,0,0,0,0,0,0,0,0,0,0,0,-27.712087,-0.220897,0.997791,False,,1.4242361082865451,0_0.0,-1,0,0,0,0,273.656863,276.713344,12823.851597,False,0.0,0.0,3.0,0.0,2.6297420085698877
2019-08-19,402,20190819,12539.71956443571,12567.43165187093,12582.67329996032,12471.82495021944,,0,0,0,0,0,0,0,0,0,0,0,0,0,0,1,0,27.712087,0.220994,1.00221,False,,1.4242361082865451,0_0.0,-1,0,0,0,0,228.971123,273.127074,12825.791443,False,0.0,0.0,3.0,0.0,2.6297420085698877
2019-08-20,403,20190820,12541.10516880747,12556.34681689685,12689.3648365859,12520.32110323107,,0,0,0,0,0,0,0,0,0,0,0,0,0,0,0,0,15.241648,0.121534,1.001215,False,,1.4242361082865451,0_0.0,-1,0,0,0,0,173.893349,271.985988,12823.962445,False,0.0,0.0,3.0,0.0,2.6297420085698877
2019-08-21,404,20190821,12542.49077317923,12602.07176116496,12621.47022236962,12405.31594037492,,0,0,0,0,0,0,0,0,0,0,0,0,0,0,1,0,59.580988,0.475033,1.00475,False,,1.4242361082865451,0_0.0,-1,0,0,0,0,159.344503,268.236705,12825.597458,False,0.0,0.0,3.0,0.0,2.6297420085698877
2019-08-22,405,20190822,12600.68615679318,12556.34681689685,12628.39824422842,12481.52418082177,,0,0,0,0,0,0,0,0,0,0,0,0,0,0,0,0,-44.33934,-0.35188,0.996481,False,,1.4242361082865451,0_0.0,-1,0,0,0,0,164.88692,268.888754,12819.556223,False,0.0,0.0,3.0,0.0,2.6297420085698877
2019-08-23,406,20190823,12530.02033383338,12654.72472729187,12672.73758412477,12474.59615896296,,1,0,0,0,0,0,0,0,0,0,0,0,0,1,0,0,124.704393,0.995245,1.009952,True,,1.423951261064888,触发开仓_0.0,1,1,1,0,0,160.730107,260.575128,12819.223678,False,0.0,0.0,3.0,-0.0005999999999999339,2.628164163364746
2019-08-26,407,20190826,12611.77099176727,12639.4830792025,12733.70417648225,12516.16429011579,,1,0,0,0,0,0,0,0,0,0,0,0,0,1,0,0,27.712087,0.219732,1.002197,True,,1.423951261064888,0_12396.407093368034,2,1,1,0,0,182.553376,266.606582,12818.807997,False,12611.77099176727,12396.407093368034,3.0,0.0,2.628164163364746
2019-08-27,408,20190827,12611.77099176727,12924.91757978524,12940.15922787461,12600.6861567932,,1,1,0,0,0,0,0,0,0,0,0,1,0,1,1,0,313.146588,2.482971,1.02483,True,,1.4610284362870782,0_12396.407093368034,2,1,1,0,0,194.677414,264.568929,12829.449439,False,12611.77099176727,12396.407093368034,3.0,0.07811470006591925,2.833462418709981
2019-08-28,409,20190828,12940.15922787459,12917.98955792643,12996.96900711681,12850.09494371016,,1,1,1,1,1,0,0,0,0,1,1,1,0,1,1,0,-22.16967,-0.171325,0.998287,True,,1.4568044542997405,0_12396.407093368034,2,1,1,0,0,225.507111,266.036039,12838.649852,False,12611.77099176727,12396.407093368034,3.0,-0.008673305493092753,2.808886933549312
2019-08-29,410,20190829,12902.74790983705,13016.36746832145,13039.9227426414,12894.4342836065,,1,1,1,1,1,0,1,0,0,1,1,1,0,1,1,0,113.619558,0.880584,1.008806,True,,1.468850625152519,0_12396.407093368034,2,1,1,0,0,225.507111,248.91975,12852.893865,False,12611.77099176727,12396.407093368034,3.0,0.024806701030926748,2.878566151939546
2019-08-30,411,20190830,13009.43944646263,13118.90219183176,13207.58087162446,12990.040985258,,1,1,1,1,1,0,1,0,0,1,1,1,0,1,1,1,109.462745,0.84141,1.008414,True,,1.481209683559916,0_12396.407093368034,2,1,1,0,0,212.34387,230.743881,12862.759368,False,12611.77099176727,12396.407093368034,3.0,0.02524230482479517,2.9512277962051416
2019-09-02,412,20190902,13118.90219183174,12869.49340491481,13143.84307052346,12823.7684606467,,1,1,1,1,1,0,1,0,0,1,1,1,0,0,1,1,-249.408787,-1.901141,0.980989,False,,1.453541256126366,平仓_12446.950771594056,3,0,0,0,0,212.34387,226.098031,12867.193302,False,12611.77099176727,12446.950771594056,3.0,-0.056038846641318196,2.7858443943300064
2019-09-03,413,20190903,12876.42142677359,12915.21834918291,13100.88933499887,12771.11549451979,,1,1,1,1,1,1,1,1,0,1,0,0,1,0,1,1,38.796922,0.301302,1.003013,False,,1.453541256126366,0_0.0,-1,0,0,0,0,207.494255,233.352077,12872.846567,False,0.0,0.0,3.0,0.0,2.7858443943300064
2019-09-04,414,20190904,12916.60395355466,12712.92011090583,12967.87131530983,12707.37769341879,,1,1,1,1,1,1,1,1,0,1,0,0,0,0,1,1,-203.683843,-1.576915,0.984231,False,,1.453541256126366,0_0.0,-1,0,0,0,0,253.219199,224.467908,12874.841838,False,0.0,0.0,3.0,0.0,2.7858443943300064
2019-09-05,415,20190905,12700.44967155997,12351.27736987624,12740.63219834105,12341.57813927392,,0,1,1,1,1,1,1,1,0,0,0,0,0,0,0,0,-349.172302,-2.749291,0.972507,False,,1.453541256126366,0_0.0,-1,0,0,0,0,281.970489,219.659046,12865.281168,False,0.0,0.0,3.0,0.0,2.7858443943300064
2019-09-06,416,20190906,12323.56528244101,12322.17967806927,12426.10000595134,12221.03055893073,,0,0,0,1,1,1,1,1,0,0,0,0,0,0,0,0,-1.385604,-0.011244,0.999888,False,,1.453541256126366,0_0.0,-1,0,0,0,0,327.349033,223.652847,12858.990524,False,0.0,0.0,3.0,0.0,2.7858443943300064
2019-09-09,417,20190909,12261.21308571178,11791.49320368486,12261.2130857118,11744.38265504499,,0,0,0,0,0,0,1,1,0,0,0,0,0,0,0,0,-469.719882,-3.830941,0.961691,False,,1.453541256126366,0_0.0,-1,0,0,0,0,298.597742,222.348748,12842.945225,False,0.0,0.0,3.0,0.0,2.7858443943300064
2019-09-10,418,20190910,11802.57803865893,11823.36210423536,11943.90968457856,11769.32353373669,,0,0,0,0,0,0,0,0,0,0,0,0,0,0,0,0,20.784066,0.176098,1.001761,False,,1.453541256126366,0_0.0,-1,0,0,0,0,360.603538,244.925949,12826.401109,False,0.0,0.0,3.0,0.0,2.7858443943300064
2019-09-11,419,20190911,11790.10759931309,11742.99705067323,11817.81968674832,11510.21551621741,,0,0,0,0,0,0,0,0,0,0,0,0,0,0,0,0,-47.110549,-0.399577,0.996004,False,,1.453541256126366,0_0.0,-1,0,0,0,0,339.12667,245.577998,12810.21725,False,0.0,0.0,3.0,0.0,2.7858443943300064
2019-09-12,420,20190912,11742.99705067322,11508.39939275557,11779.42525842442,11476.34256993453,,0,0,0,0,0,0,0,0,0,0,0,0,0,0,0,0,-234.597658,-1.997766,0.980022,False,,1.453541256126366,0_0.0,-1,0,0,0,0,317.649802,257.477895,12784.186989,False,0.0,0.0,3.0,0.0,2.7858443943300064
2019-09-16,421,20190916,11505.48513613546,11594.36996304838,11728.42576757276,11471.97118500439,,0,0,0,0,0,0,0,0,0,0,0,0,0,0,0,0,88.884827,0.772543,1.007725,False,,1.453541256126366,0_0.0,-1,0,0,0,0,342.153113,265.362539,12758.435112,False,0.0,0.0,3.0,0.0,2.7858443943300064
2019-09-17,422,20190917,11603.11273290865,11594.36996304838,11642.45519727996,11533.17057402639,,0,0,0,0,0,0,0,0,0,0,0,0,0,0,0,0,-8.74277,-0.075348,0.999247,False,,1.453541256126366,0_0.0,-1,0,0,0,0,261.817502,267.733145,12723.06714,False,0.0,0.0,3.0,0.0,2.7858443943300064
2019-09-18,423,20190918,11594.36996304837,11673.05489179095,11741.53992236319,11576.88442332781,,0,0,0,0,0,0,0,0,0,0,0,0,0,0,0,0,78.684929,0.678648,1.006786,False,,1.453541256126366,0_0.0,-1,0,0,0,0,245.49212,265.522001,12688.580064,False,0.0,0.0,3.0,0.0,2.7858443943300064
2019-09-19,424,20190919,11686.16904658136,11477.79969824457,11724.05438264262,11391.82912795177,,0,0,0,0,0,0,0,0,0,0,0,0,0,0,0,0,-208.369348,-1.783042,0.98217,False,,1.453541256126366,0_0.0,-1,0,0,0,0,208.369348,263.552241,12651.767474,False,0.0,0.0,3.0,0.0,2.7858443943300064
2019-09-20,425,20190920,11487.9995964149,11292.74440286854,11495.28523796515,11292.74440286854,,0,0,0,0,0,0,0,0,0,0,0,0,0,0,0,0,-195.255194,-1.699645,0.983004,False,,1.453541256126366,0_0.0,-1,0,0,0,0,215.65499,270.298439,12611.503186,False,0.0,0.0,3.0,0.0,2.7858443943300064
2019-09-23,426,20190923,11259.23045173743,10994.03309930879,11267.97322159773,10880.37709112508,,0,0,0,0,0,0,0,0,0,0,0,0,0,0,0,0,-265.197352,-2.355377,0.976446,False,,1.453541256126366,0_0.0,-1,0,0,0,0,202.176553,262.243602,12562.853721,False,0.0,0.0,3.0,0.0,2.7858443943300064
2019-09-24,427,20190924,11015.89002395949,11047.94684678055,11091.66069608198,10953.23350662746,,0,0,0,0,0,0,0,0,0,0,0,0,0,0,0,0,32.056823,0.291005,1.00291,False,,1.453541256126366,0_0.0,-1,0,0,0,0,277.947225,277.860852,12516.529575,False,0.0,0.0,3.0,0.0,2.7858443943300064
2019-09-25,428,20190925,11059.60387326092,11100.40346594226,11157.23147003412,10966.34766141789,,0,0,0,0,0,0,0,0,0,0,0,0,0,0,0,0,40.799593,0.368906,1.003689,False,,1.453541256126366,0_0.0,-1,0,0,0,0,271.390148,277.445483,12468.982169,False,0.0,0.0,3.0,0.0,2.7858443943300064
2019-09-26,429,20190926,11122.26039059296,11132.46028876331,11270.88747821783,11011.51863902936,,0,0,0,0,0,0,0,0,0,0,0,0,0,0,0,0,10.199898,0.091707,1.000917,False,,1.453541256126366,0_0.0,-1,0,0,0,0,236.054786,275.877478,12424.154307,False,0.0,0.0,3.0,0.0,2.7858443943300064
2019-09-27,430,20190927,11058.14674495087,10973.63330296812,11176.17413806474,10887.66273267532,,0,0,0,0,0,0,0,0,0,0,0,0,0,0,0,0,-84.513442,-0.764264,0.992357,False,,1.453541256126366,0_0.0,-1,0,0,0,0,250.261787,272.306551,12377.53551,False,0.0,0.0,3.0,0.0,2.7858443943300064
2019-09-30,431,20190930,10928.46232535664,10782.74949435189,10985.29032944851,10689.49328250885,,0,0,0,0,0,0,0,0,0,0,0,0,0,0,0,0,-145.712831,-1.333333,0.986667,False,,1.453541256126366,0_0.0,-1,0,0,0,0,219.29781,269.879349,12326.129113,False,0.0,0.0,3.0,0.0,2.7858443943300064
2019-10-08,432,20191008,10730.29287519017,11324.80122568958,11346.6581503403,10712.80733546961,,0,0,0,0,0,0,0,0,0,0,0,0,0,0,0,0,594.50835,5.540467,1.055405,False,,1.453541256126366,0_0.0,-1,0,0,0,0,258.640275,271.956021,12288.861489,False,0.0,0.0,3.0,0.0,2.7858443943300064
2019-10-09,433,20191009,11345.20102203024,11126.63177552312,11351.02953527045,11066.88951481117,,0,0,0,0,0,0,0,0,0,0,0,0,0,0,0,0,-218.569247,-1.926535,0.980735,False,,1.453541256126366,0_0.0,-1,0,0,0,0,369.382026,285.767595,12256.027239,False,0.0,0.0,3.0,0.0,2.7858443943300064
2019-10-10,434,20191010,11158.68859834415,11161.60285496426,11253.40193849726,11101.86059425231,,0,0,0,0,0,0,0,0,0,0,0,0,0,0,0,0,2.914257,0.026116,1.000261,False,,1.453541256126366,0_0.0,-1,0,0,0,0,375.574822,290.418805,12223.365881,False,0.0,0.0,3.0,0.0,2.7858443943300064
2019-10-11,435,20191011,11147.03157186377,11010.06151071931,11246.11629694702,10979.46181620832,,0,0,0,0,0,0,0,0,0,0,0,0,0,0,0,0,-136.970061,-1.228758,0.987712,False,,1.453541256126366,0_0.0,-1,0,0,0,0,341.332307,265.344941,12188.227937,False,0.0,0.0,3.0,0.0,2.7858443943300064
2019-10-14,436,20191014,11023.17566550973,11221.3451156762,11272.34460652787,10992.57597099875,,1,0,0,0,0,0,0,0,0,0,0,0,0,0,0,0,198.16945,1.797753,1.017978,False,,1.453541256126366,0_0.0,-1,0,0,0,0,334.046665,270.760725,12155.930062,False,0.0,0.0,3.0,0.0,2.7858443943300064
2019-10-15,437,20191015,11174.71700975468,11199.48819102549,11288.3730179384,11020.26140888965,,1,0,0,0,0,0,0,0,0,0,0,0,0,0,0,0,24.771181,0.221672,1.002217,False,,1.453541256126366,0_0.0,-1,0,0,0,0,245.52612,268.797316,12123.693865,False,0.0,0.0,3.0,0.0,2.7858443943300064
2019-10-16,438,20191016,11218.4308590561,11215.51660243602,11253.40193849725,11135.37454538341,,1,1,0,0,0,0,0,0,0,0,0,0,0,0,0,0,-2.914257,-0.025977,0.99974,False,,1.453541256126366,0_0.0,-1,0,0,0,0,241.519017,266.740194,12089.256437,False,0.0,0.0,3.0,0.0,2.7858443943300064
2019-10-17,439,20191017,11238.83065539677,11117.88900566283,11308.77281427906,11059.60387326093,,1,1,0,0,0,0,0,0,0,0,0,0,0,0,0,0,-120.94165,-1.076105,0.989239,False,,1.453541256126366,0_0.0,-1,0,0,0,0,233.14053,258.597418,12053.392986,False,0.0,0.0,3.0,0.0,2.7858443943300064
2019-10-18,440,20191018,11136.83167369344,11180.54552299487,11202.40244764559,10906.60540070594,,1,1,0,0,0,0,0,0,0,0,0,0,0,0,0,0,43.713849,0.392516,1.003925,False,,1.453541256126366,0_0.0,-1,0,0,0,0,228.769145,266.825908,12021.609299,False,0.0,0.0,3.0,0.0,2.7858443943300064
2019-10-21,441,20191021,11230.08788553648,11438.45723387329,11493.8281096551,11189.28829285517,,1,1,1,1,0,0,0,0,0,1,0,0,0,0,0,0,208.369348,1.855456,1.018555,False,,1.453541256126366,0_0.0,-1,0,0,0,0,232.776248,274.540116,11991.602971,False,0.0,0.0,3.0,0.0,2.7858443943300064
2019-10-22,442,20191022,11415.14318091252,11476.34256993453,11476.34256993453,11337.91538048002,,1,1,1,1,0,0,0,0,0,1,0,0,0,0,0,0,61.199389,0.536125,1.005361,False,,1.453541256126366,0_0.0,-1,0,0,0,0,244.068992,273.425842,11967.952192,False,0.0,0.0,3.0,0.0,2.7858443943300064
2019-10-23,443,20191023,11501.11375120533,11655.56935207038,11833.33900589618,11444.28574711349,,1,1,1,1,0,0,0,0,0,1,0,0,0,0,0,0,154.455601,1.342962,1.01343,False,,1.453541256126366,0_0.0,-1,0,0,0,0,249.168941,269.654451,11940.569957,False,0.0,0.0,3.0,0.0,2.7858443943300064
2019-10-24,444,20191024,11648.28371052013,11675.96914841104,11715.31161278233,11598.74134797853,,1,1,1,1,1,0,1,0,0,1,1,0,0,0,0,0,27.685438,0.237678,1.002377,False,,1.453541256126366,0_0.0,-1,0,0,0,0,284.14002,268.283036,11918.362197,False,0.0,0.0,3.0,0.0,2.7858443943300064
2019-10-25,445,20191025,11649.74083883018,11515.68503430581,11722.59725433257,11448.65713204363,,1,1,1,1,1,0,1,0,0,1,1,1,0,0,0,0,-134.055805,-1.150719,0.988493,False,,1.453541256126366,0_0.0,-1,0,0,0,0,239.333325,266.997334,11893.115027,False,0.0,0.0,3.0,0.0,2.7858443943300064
2019-10-28,446,20191028,11524.42780416609,11538.99908726657,11547.74185712686,11397.65764119197,,1,1,1,1,1,0,1,0,0,1,1,0,0,0,0,0,14.571283,0.126438,1.001264,False,,1.453541256126366,0_0.0,-1,0,0,0,0,229.497709,271.883,11871.077635,False,0.0,0.0,3.0,0.0,2.7858443943300064
2019-10-29,447,20191029,11555.02749867709,11624.96965755938,11764.85397532395,11482.17108317472,,1,1,1,1,1,0,1,0,0,1,1,1,0,0,0,0,69.942159,0.605296,1.006053,False,,1.453541256126366,0_0.0,-1,0,0,0,0,232.411966,265.454493,11851.701866,False,0.0,0.0,3.0,0.0,2.7858443943300064
2019-10-30,448,20191030,11636.62668403975,11645.36945390004,11710.94022785219,11595.82709135843,,1,1,1,1,1,0,1,0,0,1,1,0,0,0,0,0,8.74277,0.075131,1.000751,False,,1.453541256126366,0_0.0,-1,0,0,0,0,205.819374,265.111639,11837.112602,False,0.0,0.0,3.0,0.0,2.7858443943300064
2019-10-31,449,20191031,11662.85499362061,11600.19847628857,11683.25478996128,11533.17057402639,,1,1,1,1,1,0,1,0,0,1,1,1,0,0,0,0,-62.656517,-0.537231,0.994628,False,,1.453541256126366,0_0.0,-1,0,0,0,0,205.455091,254.483174,11820.400587,False,0.0,0.0,3.0,0.0,2.7858443943300064
2019-11-01,450,20191101,11585.62719318809,11547.74185712685,11585.6271931881,11380.17210147139,,1,1,1,1,1,1,1,1,1,1,1,1,1,0,0,0,-37.885336,-0.327003,0.99673,False,,1.453541256126366,0_0.0,-1,0,0,0,0,174.491115,226.026315,11801.004426,False,0.0,0.0,3.0,0.0,2.7858443943300064
2019-11-04,451,20191104,11572.51303839766,11700.74032968185,11793.9965415249,11482.17108317472,,1,1,1,1,1,1,1,1,1,1,1,1,1,0,0,0,128.227291,1.108033,1.01108,False,,1.453541256126366,0_0.0,-1,0,0,0,0,191.976655,222.254924,11784.668235,False,0.0,0.0,3.0,0.0,2.7858443943300064
2019-11-05,452,20191105,11689.08330320146,11887.25275336793,11919.30957618899,11661.39786531058,,1,1,1,1,1,1,1,1,1,1,1,1,1,0,0,0,198.16945,1.695338,1.016953,False,,1.453541256126366,0_0.0,-1,0,0,0,0,199.262296,231.683401,11771.064657,False,0.0,0.0,3.0,0.0,2.7858443943300064
2019-11-06,453,20191106,11903.28116477845,11869.76721364736,11977.59470859089,11810.02495293542,,1,1,1,1,1,1,1,1,1,1,1,1,1,0,0,0,-33.513951,-0.281552,0.997184,False,,1.453541256126366,0_0.0,-1,0,0,0,0,234.96194,231.169121,11757.333065,False,0.0,0.0,3.0,0.0,2.7858443943300064
2019-11-07,454,20191107,11849.36741730669,11946.99501407988,11977.59470859089,11777.96813011438,,1,1,1,1,1,1,1,1,1,1,1,1,1,0,0,0,97.627597,0.823906,1.008239,False,,1.453541256126366,0_0.0,-1,0,0,0,0,239.333325,224.569187,11744.23153,False,0.0,0.0,3.0,0.0,2.7858443943300064
2019-11-08,455,20191108,11960.10916887031,11903.28116477846,11964.48055380046,11789.62515659476,,1,1,1,1,1,1,1,1,1,1,1,1,1,0,0,0,-56.828004,-0.475146,0.995249,False,,1.453541256126366,0_0.0,-1,0,0,0,0,234.233376,220.540655,11731.170217,False,0.0,0.0,3.0,0.0,2.7858443943300064
2019-11-11,456,20191111,11868.31008533731,11815.8534661756,12016.93717296217,11754.65407715362,,1,1,1,1,1,1,1,1,1,1,1,1,1,0,0,0,-52.456619,-0.441989,0.99558,False,,1.453541256126366,0_0.0,-1,0,0,0,0,199.99086,223.883479,11714.392792,False,0.0,0.0,3.0,0.0,2.7858443943300064
2019-11-12,457,20191112,11814.39633786555,11976.13758028084,11976.13758028084,11732.79715250291,,1,1,1,1,1,1,1,1,1,1,1,1,1,1,0,0,161.741242,1.369018,1.01369,True,,1.4532505478751407,触发开仓_0.0,1,1,1,0,0,201.083707,224.6549,11701.125882,False,0.0,0.0,3.0,-0.000600000000000267,2.7841728876934075
2019-11-13,458,20191113,11980.50896521097,11970.30906704065,12031.50845606265,11898.90977984833,,1,1,1,1,1,1,1,1,1,1,1,1,1,1,0,0,-10.199898,-0.085137,0.999149,True,,1.4497155185687065,0_11775.92476230726,2,1,1,0,0,220.026375,221.569217,11682.033711,False,11980.50896521097,11775.92476230726,3.0,-0.007297494526878889,2.76385540128358
2019-11-14,459,20191114,11951.36639901002,11747.36843560337,12014.02291634208,11742.99705067324,,1,1,1,1,1,1,1,1,1,1,1,1,1,1,0,0,-203.997963,-1.706901,0.982931,True,True,1.4281485443081636,平仓(止损)_11775.92476230726,3,0,0,0,0,203.269399,210.940751,11658.621289,False,11980.50896521097,11775.92476230726,3.0,-0.04463008221468667,2.6405043074947883
2019-11-15,460,20191115,11678.88340503113,11862.48157209713,11875.59572688756,11616.2268876991,,1,1,1,1,1,1,1,1,1,1,1,1,1,1,0,0,183.598167,1.572052,1.015721,True,True,1.4281485443081636,0_0.0,-1,0,0,0,0,227.312016,218.740673,11635.543571,False,0.0,0.0,3.0,0.0,2.6405043074947883
2019-11-18,461,20191118,11855.19593054688,11544.82760050676,11855.1959305469,11487.99959641492,,0,1,1,1,1,1,1,1,1,1,1,1,1,0,0,0,-310.36833,-2.617994,0.97382,False,,1.4281485443081636,0_0.0,-1,0,0,0,0,226.583452,211.112178,11604.062079,False,0.0,0.0,3.0,0.0,2.6405043074947883
2019-11-19,462,20191119,11525.88493247614,11617.68401600914,11638.08381234981,11435.5429772532,,0,0,0,1,1,1,1,1,1,0,1,1,1,1,0,0,91.799084,0.79646,1.007965,False,,1.4281485443081636,0_0.0,-1,0,0,0,0,259.368839,226.283455,11579.025891,False,0.0,0.0,3.0,0.0,2.6405043074947883
2019-11-20,463,20191120,11629.34104248951,11954.28065563012,11986.33747845118,11584.17006487806,,0,0,0,1,1,1,1,1,1,1,1,1,1,1,0,0,324.939613,2.794136,1.027941,True,,1.427862914599302,触发开仓_0.0,1,1,1,0,0,276.854379,222.083497,11559.807137,False,0.0,0.0,3.0,-0.0005999999999999339,2.6389200049102914
2019-11-21,464,20191121,11929.50947435931,11920.76670449903,11989.25173507127,11849.36741730671,,0,0,0,1,1,1,1,1,1,1,1,1,1,1,0,0,-8.74277,-0.073287,0.999267,True,,1.4229795432045569,0_11725.796160181173,2,1,1,0,0,309.639766,236.911921,11543.964069,False,11929.50947435931,11725.796160181171,3.0,-0.010260168559911631,2.611844240843789
2019-11-22,465,20191122,11888.70988167798,11944.08075745979,11980.50896521099,11834.79613420623,,0,0,0,0,1,1,1,1,1,1,1,1,1,1,0,0,55.370876,0.465743,1.004657,True,,1.4332695043577697,0_11725.796160181173,2,1,1,0,0,279.768636,228.512004,11535.820137,False,11929.50947435931,11725.796160181171,3.0,0.0216938350288014,2.668505158925579
2019-11-25,466,20191125,11974.68045197078,11895.99552322822,12105.82199987507,11863.93870040718,,1,0,1,0,1,1,1,1,1,1,1,1,1,1,0,0,-78.684929,-0.657094,0.993429,True,,1.4203634513859424,0_11725.796160181173,2,1,1,0,0,222.576349,230.311986,11527.296454,False,11929.50947435931,11725.796160181171,3.0,-0.027013871988318727,2.5964185021621953
2019-11-26,467,20191126,11866.85295702726,11882.88136843779,11946.99501407989,11812.93920955552,,1,0,1,0,1,1,1,1,1,0,1,1,1,1,1,0,16.028411,0.135069,1.001351,True,,1.4219331064771108,0_11725.796160181173,2,1,1,0,0,232.411966,235.711933,11529.124217,False,11929.50947435931,11725.796160181171,3.0,0.003315324165029887,2.6050264711649445
2019-11-27,468,20191127,11879.96711181769,11694.91181644166,11932.42373097941,11693.45468813162,,1,0,1,0,1,1,0,1,1,0,1,1,1,1,0,0,-185.055295,-1.557709,0.984423,True,True,1.403199431741627,平仓(止损)_11725.796160181173,3,0,0,0,0,165.384063,230.65484,11526.555211,False,11929.50947435931,11725.796160181171,3.0,-0.03952437983928203,2.502064415427237
2019-11-28,469,20191128,11689.08330320146,11759.02546208375,11770.68248856414,11677.42627672109,,1,0,1,0,1,1,0,1,1,0,1,1,1,1,1,0,69.942159,0.598355,1.005984,True,True,1.403199431741627,0_0.0,-1,0,0,0,0,190.155244,226.369169,11526.87578,False,0.0,0.0,3.0,0.0,2.502064415427237
2019-11-29,470,20191129,11750.28269222346,11737.16853743304,11788.16802828471,11642.45519727995,,0,0,0,0,0,1,0,1,1,0,1,1,1,1,1,0,-13.114155,-0.111607,0.998884,False,,1.403199431741627,0_0.0,-1,0,0,0,0,177.04109,216.683551,11531.451163,False,0.0,0.0,3.0,0.0,2.502064415427237
2019-12-02,471,20191202,11783.79664335455,11979.05183690093,12002.3658898617,11783.79664335457,,0,1,0,1,0,1,0,1,1,1,1,1,1,1,1,0,195.255194,1.65698,1.01657,False,,1.403199431741627,0_0.0,-1,0,0,0,0,152.998473,215.39785,11539.1448,False,0.0,0.0,3.0,0.0,2.502064415427237
2019-12-03,472,20191203,11961.56629718035,12078.13656198417,12086.87933184446,11928.05234604928,,0,1,1,1,1,1,1,1,1,1,1,1,1,1,1,0,116.570265,0.97454,1.009745,True,,1.4029187918552788,触发开仓_0.0,1,1,1,0,0,185.78386,219.254954,11548.820132,False,0.0,0.0,3.0,-0.0005999999999996009,2.5005631767779817
2019-12-04,473,20191204,12107.27912818511,12244.24918932959,12274.84888384059,12050.45112409327,,1,1,1,1,1,1,1,1,1,1,1,1,1,1,1,0,136.970061,1.131303,1.011313,True,,1.4194654330397556,0_11900.530144734987,2,1,1,0,0,165.748345,218.312106,11560.244018,False,12107.27912818511,11900.530144734988,3.0,0.035383319292333626,2.589041402072569
2019-12-05,474,20191205,12250.07770256977,12222.39226467887,12266.1061139803,12159.73574734684,,1,1,1,1,1,1,1,1,1,1,1,1,1,1,1,0,-27.685438,-0.226002,0.99774,True,,1.4123740153892652,0_11900.530144734987,2,1,1,0,0,198.533732,216.083557,11575.135869,False,12107.27912818511,11900.530144734988,3.0,-0.014987510407994065,2.5502381171122788
2019-12-06,475,20191206,12188.87831354777,12277.76314046068,12353.53381258316,12149.53584917651,,1,1,1,1,1,1,1,1,1,1,1,1,1,1,1,0,88.884827,0.729229,1.007292,True,,1.4235176716971785,0_11900.530144734987,2,1,1,0,0,188.698116,208.026495,11594.836244,False,12107.27912818511,11900.530144734988,3.0,0.02367005379557785,2.6106023905358597
2019-12-09,476,20191209,12285.04878201091,12219.47800805878,12419.1045865353,12175.76415875736,,1,1,1,1,1,1,1,1,1,1,1,1,1,1,1,0,-65.570774,-0.533745,0.994663,True,,1.4159197242145103,0_11900.530144734987,2,1,1,0,0,173.398269,212.226453,11619.345142,False,12107.27912818511,11900.530144734988,3.0,-0.016012335428775337,2.568800549387437
2019-12-10,477,20191210,12219.47800805877,12381.21925047406,12382.67637878411,12197.62108340808,,1,1,1,1,1,1,1,1,1,1,1,1,1,1,1,1,161.741242,1.323635,1.013236,True,,1.4334794250633422,0_11900.530144734987,2,1,1,0,0,194.52663,210.597898,11646.01059,False,12107.27912818511,11900.530144734988,3.0,0.03720486525160882,2.664372427685655
2019-12-11,478,20191211,12371.01935230371,12407.44756005491,12484.67536048744,12314.19134821188,,1,1,1,1,1,1,1,1,1,1,1,1,1,1,1,1,36.428208,0.294464,1.002945,True,,1.4333105817859495,0_11900.530144734987,2,1,1,0,0,184.691013,206.226513,11672.151472,False,12107.27912818511,11900.530144734988,3.0,-0.0003533568904595663,2.663430953329582
2019-12-12,479,20191212,12369.56222399366,12362.27658244344,12411.81894498506,12257.36334412003,,1,1,1,1,1,1,1,1,1,1,1,1,1,1,1,1,-7.285642,-0.0589,0.999411,True,,1.4348301712824831,0_11900.530144734987,2,1,1,0,0,200.719425,194.226632,11696.747798,False,12107.27912818511,11900.530144734988,3.0,0.0031805866415361983,2.671902226240396
2019-12-13,480,20191213,12382.67637878409,12513.81792668838,12516.73218330848,12333.1340162425,,1,1,1,1,1,1,1,1,1,1,1,1,1,1,1,1,131.141548,1.059073,1.010591,True,,1.4466492006999665,0_11900.530144734987,2,1,1,0,0,188.333834,191.398089,11727.551491,False,12107.27912818511,11900.530144734988,3.0,0.024711696869851973,2.737929464121131
2019-12-16,481,20191216,12484.67536048742,12596.87424036109,12615.81690839172,12475.93259062716,,1,1,1,1,1,1,1,1,1,1,1,1,1,1,1,1,112.19888,0.898693,1.008987,True,,1.4523898721313162,0_11956.445756397405,2,1,1,0,0,173.398269,178.541075,11763.833986,False,12107.27912818511,11956.445756397405,3.0,0.011904761904763195,2.770523862503529
2019-12-17,482,20191217,12534.21772302904,12477.38971893719,12595.41711205105,12448.24715273626,,1,1,1,1,1,1,1,1,1,1,1,1,1,1,1,1,-56.828004,-0.453383,0.995466,True,,1.44422736005757,0_12076.943101138308,2,1,1,0,0,162.105525,178.541075,11786.885755,False,12107.27912818511,12076.943101138308,3.0,-0.01686016729468398,2.723812366687805
2019-12-18,483,20191218,12463.77472045629,12245.93474476195,12560.59248743157,12230.80696867208,,1,1,1,1,1,1,1,1,1,1,1,1,1,1,1,1,-217.839976,-1.747785,0.982522,True,,1.4191606635545682,0_12076.943101138308,2,1,1,0,0,156.641293,178.712502,11809.271815,False,12107.27912818511,12076.943101138308,3.0,-0.05206942590120123,2.581985020491779
2019-12-19,484,20191219,12247.44752237093,12268.62640889678,12295.85640585858,12202.0641941013,,1,1,1,1,1,1,1,1,1,1,1,1,1,1,1,1,21.178887,0.172925,1.001729,True,,1.4233676615690574,0_12076.443886963621,2,1,1,0,0,200.473773,183.88322,11831.412286,False,12107.27912818511,12076.44388696362,3.0,0.008893280632410017,2.6049473378676913
2019-12-20,485,20191220,12283.75418498665,12247.44752237094,12356.36751021812,12147.60420017771,,0,1,1,1,1,1,1,1,1,1,1,1,1,1,1,1,-36.306663,-0.295567,0.997044,True,,1.4207382878100023,0_12061.386190574487,2,1,1,0,0,178.022284,181.514774,11856.160006,False,12107.27912818511,12061.386190574489,3.0,-0.005541871921180053,2.5905110533598097
2019-12-23,486,20191223,12261.06252085183,12192.98752844735,12380.57195196193,12162.7319762676,,0,0,0,1,1,1,1,1,1,1,1,1,1,1,1,1,-68.074992,-0.555213,0.994448,True,,1.4147783739561417,0_12068.28336438711,2,1,1,0,0,195.242032,179.737966,11875.592854,False,12107.27912818511,12068.28336438711,3.0,-0.012584824182603538,2.5579099272101855
2019-12-24,487,20191224,12209.62808214622,12121.88698082489,12230.80696867207,12023.55643624065,,0,0,0,1,1,1,1,1,1,1,1,1,1,1,1,1,-87.741101,-0.718622,0.992814,True,True,1.3987199590798047,平仓(止损)_12073.45762363037,3,0,0,0,0,212.545254,187.066423,11894.04083,False,12107.27912818511,12073.45762363037,3.0,-0.03405144262581472,2.470809404081786
2019-12-25,488,20191225,12130.96364647882,12133.9892016968,12173.32141953051,12091.63142864514,,0,0,0,0,0,1,1,1,1,0,1,1,1,1,1,1,3.025555,0.024941,1.000249,False,,1.3987199590798047,0_0.0,-1,0,0,0,0,181.911507,190.686287,11912.410282,False,0.0,0.0,3.0,0.0,2.470809404081786
2019-12-26,489,20191226,12153.65531061364,12286.77974020464,12303.42029390352,12055.32476602941,,0,0,0,0,0,1,1,1,1,1,1,1,1,1,1,1,133.12443,1.095345,1.010953,False,,1.3987199590798047,0_0.0,-1,0,0,0,0,178.885952,179.891737,11935.788097,False,0.0,0.0,3.0,0.0,2.470809404081786
2019-12-27,490,20191227,12289.80529542261,12127.93809126085,12362.41862065407,12117.34864799794,,0,0,0,0,0,1,1,1,1,0,1,1,1,1,1,1,-161.867204,-1.317085,0.986829,False,,1.3987199590798047,0_0.0,-1,0,0,0,0,188.719007,185.142827,11954.735948,False,0.0,0.0,3.0,0.0,2.470809404081786
2019-12-30,491,20191230,11931.27700209233,11739.1542457508,12062.88865407435,11722.51369205194,,0,0,0,0,0,1,0,1,1,0,0,0,1,1,1,1,-192.122756,-1.610245,0.983898,False,,1.3987199590798047,0_0.0,-1,0,0,0,0,195.526506,186.35884,11960.749888,False,0.0,0.0,3.0,0.0,2.470809404081786
2019-12-31,492,20191231,11731.59035770585,11705.87313835306,11799.66535011035,11660.48981008341,,0,0,0,0,0,0,0,0,1,0,0,0,1,0,1,1,-25.717219,-0.219213,0.997808,False,,1.3987199590798047,0_0.0,-1,0,0,0,0,245.069973,203.950254,11965.3405,False,0.0,0.0,3.0,0.0,2.470809404081786
2020-01-02,493,20200102,11724.02646966091,11710.41147118002,11786.05035162945,11660.48981008341,,0,0,0,0,0,0,0,0,1,0,0,1,0,0,1,1,-13.614998,-0.116129,0.998839,False,,1.3987199590798047,0_0.0,-1,0,0,0,0,259.44136,200.13717,11966.437342,False,0.0,0.0,3.0,0.0,2.470809404081786
2020-01-03,494,20200103,11701.33480552608,11480.46927461377,11746.71813379575,11466.85427613288,,0,0,0,0,0,0,0,0,1,0,0,0,0,0,0,1,-220.865531,-1.887524,0.981125,False,,1.3987199590798047,0_0.0,-1,0,0,0,0,228.807614,193.208941,11962.527345,False,0.0,0.0,3.0,0.0,2.470809404081786
2020-01-06,495,20200106,11439.62427917107,11306.49984958009,11460.80316569692,11236.91207956663,,0,0,0,0,0,0,0,0,0,0,0,0,0,0,0,1,-133.12443,-1.163713,0.988363,False,,1.3987199590798047,0_0.0,-1,0,0,0,0,237.506085,198.785916,11958.343641,False,0.0,0.0,3.0,0.0,2.470809404081786
2020-01-07,496,20200107,11314.06373762502,11347.34484502278,11386.67706285649,11259.60374370146,,0,0,0,0,0,0,0,0,0,0,0,0,0,0,0,1,33.281107,0.294157,1.002942,False,,1.3987199590798047,0_0.0,-1,0,0,0,0,197.039284,203.084338,11954.510556,False,0.0,0.0,3.0,0.0,2.470809404081786
2020-01-08,497,20200108,11357.93428828569,11341.29373458683,11429.03483590817,11236.91207956663,,0,0,0,0,0,0,0,0,0,0,0,0,0,0,0,1,-16.640554,-0.14651,0.998535,False,,1.3987199590798047,0_0.0,-1,0,0,0,0,194.013729,201.473616,11948.837038,False,0.0,0.0,3.0,0.0,2.470809404081786
2020-01-09,498,20200109,11341.29373458682,11134.0432021554,11413.90705981828,11131.01764693743,,0,0,0,0,0,0,0,0,0,0,0,0,0,0,0,0,-207.250532,-1.827398,0.981726,False,,1.3987199590798047,0_0.0,-1,0,0,0,0,210.654282,201.975062,11938.610513,False,0.0,0.0,3.0,0.0,2.470809404081786
2020-01-10,499,20200110,11134.04320215539,11265.6548541374,11311.03818240706,11093.19820671272,,0,0,0,0,0,0,0,0,0,0,0,0,0,0,0,1,131.611652,1.182065,1.011821,False,,1.3987199590798047,0_0.0,-1,0,0,0,0,211.410671,210.387127,11931.91964,False,0.0,0.0,3.0,0.0,2.470809404081786
2020-01-13,500,20200113,11288.34651827222,11026.63599191722,11298.93596153515,11002.43155017341,,0,0,0,0,0,0,0,0,0,0,0,0,0,0,0,0,-261.710526,-2.318413,0.976816,False,,1.3987199590798047,0_0.0,-1,0,0,0,0,204.981366,214.458473,11921.497523,False,0.0,0.0,3.0,0.0,2.470809404081786
2020-01-14,501,20200114,11019.07210387226,11046.30210083407,11132.53042454642,11019.07210387229,,0,0,0,0,0,0,0,0,0,0,0,0,0,0,0,0,27.229997,0.247117,1.002471,False,,1.3987199590798047,0_0.0,-1,0,0,0,0,247.339139,212.500761,11908.408758,False,0.0,0.0,3.0,0.0,2.470809404081786
2020-01-15,502,20200115,11038.73821278911,11081.0959858408,11156.73486629023,10957.04822190376,,0,0,0,0,0,0,0,0,0,0,0,0,0,0,0,0,42.357773,0.383719,1.003837,False,,1.3987199590798047,0_0.0,-1,0,0,0,0,227.67303,213.657591,11892.285623,False,0.0,0.0,3.0,0.0,2.470809404081786
2020-01-16,503,20200116,11087.14709627675,11120.4282036745,11186.99041847,11070.5065425779,,0,0,0,0,0,0,0,0,0,0,0,0,0,0,0,0,33.281107,0.300177,1.003002,False,,1.3987199590798047,0_0.0,-1,0,0,0,0,206.872338,213.123669,11877.298843,False,0.0,0.0,3.0,0.0,2.470809404081786
2020-01-17,504,20200117,11129.50486932842,11298.93596153515,11344.31928980481,11121.94098128351,,0,0,0,0,0,0,0,0,0,0,0,0,0,0,0,0,169.431092,1.52236,1.015224,False,,1.3987199590798047,0_0.0,-1,0,0,0,0,181.533313,207.161546,11864.337662,False,0.0,0.0,3.0,0.0,2.470809404081786
2020-01-20,505,20200120,11226.32263630369,11226.3226363037,11315.57651523403,11161.27319911721,,0,0,0,0,0,0,0,0,0,0,0,0,0,0,0,0,0.0,0.0,1.0,False,,1.3987199590798047,0_0.0,-1,0,0,0,0,163.379982,208.140402,11850.798491,False,0.0,0.0,3.0,0.0,2.470809404081786
2020-01-21,506,20200121,11238.4248571756,11102.27487236664,11323.14040327897,11079.58320823183,,0,0,0,0,0,0,0,0,0,0,0,0,0,0,0,0,-136.149985,-1.211469,0.987885,False,,1.3987199590798047,0_0.0,-1,0,0,0,0,173.59123,212.411774,11836.526919,False,0.0,0.0,3.0,0.0,2.470809404081786
2020-01-22,507,20200122,11105.30042758461,11135.55597976439,11227.83541391269,11016.04654865431,,0,0,0,0,0,0,0,0,0,0,0,0,0,0,0,0,30.255552,0.272442,1.002724,False,,1.3987199590798047,0_0.0,-1,0,0,0,0,184.558868,212.144813,11819.715287,False,0.0,0.0,3.0,0.0,2.470809404081786
2020-01-23,508,20200123,11147.65820063629,11224.80985869471,11262.62929891943,11091.68542910374,,1,0,0,0,0,0,0,0,0,0,0,0,0,0,0,0,77.151658,0.692088,1.006921,False,,1.3987199590798047,0_0.0,-1,0,0,0,0,208.385115,210.187101,11804.805303,False,0.0,0.0,3.0,0.0,2.470809404081786
2020-02-03,509,20200203,10430.60161397573,10398.83328418699,10708.95269402963,10398.833284187,,0,0,0,0,0,0,0,0,0,0,0,0,0,0,0,0,-31.76833,-0.304569,0.996954,False,,1.3987199590798047,0_0.0,-1,0,0,0,0,195.148312,196.394128,11777.8346,False,0.0,0.0,3.0,0.0,2.470809404081786
2020-02-04,510,20200204,10364.03939918024,10592.46881813751,10662.05658815099,10345.8860678724,,0,0,0,0,0,0,0,0,0,0,0,0,0,0,0,0,228.429419,2.204058,1.022041,False,,1.3987199590798047,0_0.0,-1,0,0,0,0,363.066626,236.794189,11752.434345,False,0.0,0.0,3.0,0.0,2.470809404081786
2020-02-05,511,20200205,10581.87937487458,10606.08381661841,10733.15713577345,10560.70048834877,,0,0,0,0,0,0,0,0,0,0,0,0,0,0,0,0,24.204442,0.228735,1.002287,False,,1.3987199590798047,0_0.0,-1,0,0,0,0,381.219958,248.006541,11733.659469,False,0.0,0.0,3.0,0.0,2.470809404081786
2020-02-06,512,20200206,10636.33936879817,10604.57103900942,10659.03103293302,10572.80270922068,,0,0,0,0,0,0,0,0,0,0,0,0,0,0,0,0,-31.76833,-0.298677,0.997013,False,,1.3987199590798047,0_0.0,-1,0,0,0,0,371.386903,241.68847,11713.39721,False,0.0,0.0,3.0,0.0,2.470809404081786
2020-02-07,513,20200207,10604.57103900941,10628.77548075324,10702.90158359368,10497.16382877126,,0,0,0,0,0,0,0,0,0,0,0,0,0,0,0,0,24.204442,0.228245,1.002282,False,,1.3987199590798047,0_0.0,-1,0,0,0,0,350.208016,232.43383,11686.887106,False,0.0,0.0,3.0,0.0,2.470809404081786
2020-02-10,514,20200210,10590.95604052851,10601.54548379145,10686.26102989481,10571.28993161169,,0,0,0,0,0,0,0,0,0,0,0,0,0,0,0,0,10.589443,0.099986,1.001,False,,1.3987199590798047,0_0.0,-1,0,0,0,0,195.148312,237.06115,11660.502682,False,0.0,0.0,3.0,0.0,2.470809404081786
2020-02-11,515,20200211,10586.41770770155,10595.49437335549,10636.33936879819,10551.62382269484,,0,0,0,0,0,0,0,0,0,0,0,0,0,0,0,0,9.076666,0.085739,1.000857,False,,1.3987199590798047,0_0.0,-1,0,0,0,0,144.848456,232.522817,11633.530954,False,0.0,0.0,3.0,0.0,2.470809404081786
2020-02-12,516,20200212,10589.44326291953,10574.31548682966,10663.56936575998,10465.39549898249,,0,0,0,0,0,0,0,0,0,0,0,0,0,0,0,0,-15.127776,-0.142857,0.998571,False,,1.3987199590798047,0_0.0,-1,0,0,0,0,122.913181,220.865531,11607.097353,False,0.0,0.0,3.0,0.0,2.470809404081786
2020-02-13,517,20200213,10581.87937487458,10488.08716311731,10619.69881509932,10453.29327811059,,0,0,0,0,0,0,0,0,0,0,0,0,0,0,0,0,-93.792212,-0.886347,0.991137,False,,1.3987199590798047,0_0.0,-1,0,0,0,0,150.899566,219.708701,11579.201469,False,0.0,0.0,3.0,0.0,2.470809404081786
2020-02-14,518,20200214,10495.65105116224,10386.73106331508,10513.80438247012,10365.55217678925,,0,0,0,0,0,0,0,0,0,0,0,0,0,0,0,0,-108.919988,-1.037763,0.989622,False,,1.3987199590798047,0_0.0,-1,0,0,0,0,141.066512,212.055826,11553.037854,False,0.0,0.0,3.0,0.0,2.470809404081786
2020-02-17,519,20200217,10348.91162309035,10578.85381965662,10592.46881813752,10314.11773808364,,0,0,0,0,0,0,0,0,0,0,0,0,0,0,0,0,229.942197,2.221897,1.022219,False,,1.3987199590798047,0_0.0,-1,0,0,0,0,149.386789,214.102525,11529.434421,False,0.0,0.0,3.0,0.0,2.470809404081786
2020-02-18,520,20200218,10580.36659726559,10562.21326595775,10643.90325684313,10528.93215856001,,0,0,0,0,0,0,0,0,0,0,0,0,0,0,0,0,-18.153331,-0.171576,0.998284,False,,1.3987199590798047,0_0.0,-1,0,0,0,0,197.795673,218.729845,11505.935316,False,0.0,0.0,3.0,0.0,2.470809404081786
2020-02-19,521,20200219,10551.62382269481,10584.90493009258,10656.00547771504,10551.62382269484,,0,0,0,0,0,0,0,0,0,0,0,0,0,0,0,0,33.281107,0.315412,1.003154,False,,1.3987199590798047,0_0.0,-1,0,0,0,0,176.99498,218.640858,11478.052378,False,0.0,0.0,3.0,0.0,2.470809404081786
2020-02-20,522,20200220,10584.90493009256,10970.66322038465,10988.81655169251,10565.23882117574,,1,0,0,0,0,0,0,0,0,0,0,0,0,0,0,0,385.75829,3.644419,1.036444,False,,1.3987199590798047,0_0.0,-1,0,0,0,0,161.48901,211.610891,11455.902911,False,0.0,0.0,3.0,0.0,2.470809404081786
2020-02-21,523,20200221,10960.07377712171,11008.48266060936,11055.37876648801,10910.15211602511,,1,1,0,0,0,0,0,0,0,0,0,0,0,0,0,0,48.408883,0.441684,1.004417,False,,1.3987199590798047,0_0.0,-1,0,0,0,0,230.320391,227.450563,11431.18758,False,0.0,0.0,3.0,0.0,2.470809404081786
2020-02-24,524,20200224,11009.99543821833,11008.48266060936,11129.50486932844,10834.51323557569,,1,1,1,1,0,0,0,0,0,1,0,0,0,0,0,0,-1.512778,-0.01374,0.999863,False,,1.3987199590798047,0_0.0,-1,0,0,0,0,197.039284,221.666413,11406.909388,False,0.0,0.0,3.0,0.0,2.470809404081786
2020-02-25,525,20200225,10899.56267276217,11017.55932626329,11065.96820975092,10888.97322949928,,1,1,1,1,0,0,0,0,0,1,0,0,0,0,0,0,117.996654,1.082582,1.010826,False,,1.3987199590798047,0_0.0,-1,0,0,0,0,242.044418,226.560694,11381.705312,False,0.0,0.0,3.0,0.0,2.470809404081786
2020-02-26,526,20200226,11041.76376800709,10780.05324165209,11124.96653650148,10770.97657599817,,1,1,1,1,0,0,0,0,0,1,0,0,0,0,0,0,-261.710526,-2.370188,0.976298,False,,1.3987199590798047,0_0.0,-1,0,0,0,0,260.197749,226.916641,11352.916817,False,0.0,0.0,3.0,0.0,2.470809404081786
2020-02-27,527,20200227,10737.6954686004,10395.80772896901,10789.12990730603,10347.39884548139,,1,1,1,1,0,0,0,0,0,0,0,0,0,0,0,0,-341.88774,-3.183995,0.96816,False,,1.3987199590798047,0_0.0,-1,0,0,0,0,242.800806,199.152723,11313.208586,False,0.0,0.0,3.0,0.0,2.470809404081786
2020-02-28,528,20200228,10320.16884851957,10230.91496958926,10429.08883636676,10138.63553544098,,0,1,1,1,0,0,0,0,0,0,0,0,0,0,0,0,-89.253879,-0.864849,0.991352,False,,1.3987199590798047,0_0.0,-1,0,0,0,0,316.926909,206.538637,11269.677935,False,0.0,0.0,3.0,0.0,2.470809404081786
2020-03-02,529,20200302,10268.73440981396,10342.86051265442,10448.75494528361,10256.63218894208,,0,0,0,1,0,0,0,0,0,0,0,0,0,0,0,0,74.126103,0.721862,1.007219,False,,1.3987199590798047,0_0.0,-1,0,0,0,0,315.792326,213.479617,11229.289613,False,0.0,0.0,3.0,0.0,2.470809404081786
2020-03-03,530,20200303,10409.42272744989,10321.68162612858,10534.98326899596,10218.81274871737,,0,0,0,1,0,0,0,0,0,0,0,0,0,0,0,0,-87.741101,-0.842901,0.991571,False,,1.3987199590798047,0_0.0,-1,0,0,0,0,326.003575,221.221479,11185.446887,False,0.0,0.0,3.0,0.0,2.470809404081786
2020-03-04,531,20200304,10323.19440373755,10351.93717830835,10382.19273048812,10258.14496655107,,0,0,0,0,0,0,0,0,0,0,0,0,0,0,0,0,28.742775,0.278429,1.002784,False,,1.3987199590798047,0_0.0,-1,0,0,0,0,316.548715,227.717524,11140.548146,False,0.0,0.0,3.0,0.0,2.470809404081786
2020-03-05,532,20200305,10376.14162005214,10323.19440373756,10415.47383788587,10303.52829482072,,0,0,0,0,0,0,0,0,0,0,0,0,0,0,0,0,-52.947216,-0.510278,0.994897,False,,1.3987199590798047,0_0.0,-1,0,0,0,0,237.12789,228.251445,11097.46424,False,0.0,0.0,3.0,0.0,2.470809404081786
2020-03-06,533,20200306,10297.47718438474,10261.17052176903,10321.68162612858,10214.2744158904,,0,0,0,0,0,0,0,0,0,0,0,0,0,0,0,0,-36.306663,-0.352578,0.996474,False,,1.3987199590798047,0_0.0,-1,0,0,0,0,192.500951,229.85321,11057.768955,False,0.0,0.0,3.0,0.0,2.470809404081786
2020-03-09,534,20200309,10121.99498174207,10344.3732902634,10347.39884548138,10014.58777150392,,0,0,0,0,0,0,0,0,0,0,0,0,0,0,0,0,222.378309,2.196981,1.02197,False,,1.3987199590798047,0_0.0,-1,0,0,0,0,165.270954,224.602982,11019.283893,False,0.0,0.0,3.0,0.0,2.470809404081786
2020-03-10,535,20200310,10342.8605126544,10283.86218590386,10403.37161701396,10267.221632205,,0,0,0,0,0,0,0,0,0,0,0,0,0,0,0,0,-58.998327,-0.570426,0.994296,False,,1.3987199590798047,0_0.0,-1,0,0,0,0,169.431092,234.391543,10980.012186,False,0.0,0.0,3.0,0.0,2.470809404081786
2020-03-11,536,20200311,10295.96440677575,10261.17052176904,10326.21995895554,10238.47885763421,,0,0,0,0,0,0,0,0,0,0,0,0,0,0,0,0,-34.793885,-0.337937,0.996621,False,,1.3987199590798047,0_0.0,-1,0,0,0,0,172.456648,233.679647,10941.375846,False,0.0,0.0,3.0,0.0,2.470809404081786
2020-03-12,537,20200312,10256.63218894205,10037.27943563874,10294.45162916679,9935.923335836513,,0,0,0,0,0,0,0,0,0,0,0,0,0,0,0,0,-219.352753,-2.138643,0.978614,False,,1.3987199590798047,0_0.0,-1,0,0,0,0,166.405537,222.467295,10899.683695,False,0.0,0.0,3.0,0.0,2.470809404081786
2020-03-13,538,20200313,9961.640555189297,9834.567236034276,10022.15165954885,9698.417251225315,,0,0,0,0,0,0,0,0,0,0,0,0,0,0,0,0,-127.073319,-1.275626,0.987244,False,,1.3987199590798047,0_0.0,-1,0,0,0,0,228.807613,236.794189,10853.695256,False,0.0,0.0,3.0,0.0,2.470809404081786
2020-03-16,539,20200316,9984.332219324122,10196.12108458253,10279.3238530769,9866.33556582304,,0,0,0,0,0,0,0,0,0,0,0,0,0,0,0,0,211.788865,2.121212,1.021212,False,,1.3987199590798047,0_0.0,-1,0,0,0,0,230.320391,250.587162,10811.882083,False,0.0,0.0,3.0,0.0,2.470809404081786
2020-03-17,540,20200317,10162.83997718477,10182.50608610163,10244.52996807016,10106.86720565221,,0,0,0,0,0,0,0,0,0,0,0,0,0,0,0,0,19.666109,0.19351,1.001935,False,,1.3987199590798047,0_0.0,-1,0,0,0,0,307.472049,251.832978,10772.973442,False,0.0,0.0,3.0,0.0,2.470809404081786
2020-03-18,541,20200318,10180.99330849263,9884.488897130894,10206.71052784545,9834.567236034283,,0,0,0,0,0,0,0,0,0,0,0,0,0,0,0,0,-296.504411,-2.912333,0.970877,False,,1.3987199590798047,0_0.0,-1,0,0,0,0,319.952464,251.388044,10735.880135,False,0.0,0.0,3.0,0.0,2.470809404081786
2020-03-19,542,20200319,9892.052785175823,9798.260573418547,9954.07666714437,9495.705051620858,,0,0,0,0,0,0,0,0,0,0,0,0,0,0,0,0,-93.792212,-0.948157,0.990518,False,,1.3987199590798047,0_0.0,-1,0,0,0,0,323.356214,255.926377,10697.727884,False,0.0,0.0,3.0,0.0,2.470809404081786
2020-03-20,543,20200320,9869.361121040998,9938.94889105448,9976.768331279198,9746.82613471295,,0,0,0,0,0,0,0,0,0,0,0,0,0,0,0,0,69.58777,0.705089,1.007051,False,,1.3987199590798047,0_0.0,-1,0,0,0,0,353.233572,272.477943,10662.298633,False,0.0,0.0,3.0,0.0,2.470809404081786
2020-03-23,544,20200323,9948.0255567084,9913.231671701677,10029.7155475938,9778.59446450171,,0,0,0,0,0,0,0,0,0,0,0,0,0,0,0,0,-34.793885,-0.349757,0.996502,False,,1.3987199590798047,0_0.0,-1,0,0,0,0,299.529967,265.181016,10630.953881,False,0.0,0.0,3.0,0.0,2.470809404081786
2020-03-24,545,20200324,9951.051111926376,9893.565562784825,10073.58609825446,9801.286128636537,,0,0,0,0,0,0,0,0,0,0,0,0,0,0,0,0,-57.485549,-0.577683,0.994223,False,,1.3987199590798047,0_0.0,-1,0,0,0,0,327.894547,253.968664,10602.695195,False,0.0,0.0,3.0,0.0,2.470809404081786
2020-03-25,546,20200325,9979.793886497158,9814.901127117422,9984.332219324142,9749.851689930929,,0,0,0,0,0,0,0,0,0,0,0,0,0,0,0,0,-164.892759,-1.652266,0.983477,False,,1.3987199590798047,0_0.0,-1,0,0,0,0,302.933717,252.900821,10572.04632,False,0.0,0.0,3.0,0.0,2.470809404081786
2020-03-26,547,20200326,9839.105568861229,10029.71554759379,10044.84332368368,9789.18390776463,,0,0,0,0,0,0,0,0,0,0,0,0,0,0,0,0,190.609979,1.937269,1.019373,False,,1.3987199590798047,0_0.0,-1,0,0,0,0,246.960945,253.879678,10545.814757,False,0.0,0.0,3.0,0.0,2.470809404081786
2020-03-27,548,20200327,10076.61165347242,10081.1499862994,10215.78719349938,9993.408884978076,,0,0,0,0,0,0,0,0,0,0,0,0,0,0,0,0,4.538333,0.045038,1.00045,False,,1.3987199590798047,0_0.0,-1,0,0,0,0,253.390249,250.320201,10524.756892,False,0.0,0.0,3.0,0.0,2.470809404081786
2020-03-30,549,20200330,10053.9199893376,9811.875571899447,10094.7649847803,9775.568909283733,,0,0,0,0,0,0,0,0,0,0,0,0,0,0,0,0,-242.044417,-2.407463,0.975925,False,,1.3987199590798047,0_0.0,-1,0,0,0,0,246.204556,256.104351,10495.681307,False,0.0,0.0,3.0,0.0,2.470809404081786
2020-03-31,550,20200331,9864.822788214033,10135.60998022299,10150.73775631288,9842.131124079226,,0,0,0,0,0,0,0,0,0,0,0,0,0,0,0,0,270.787192,2.744978,1.02745,False,,1.3987199590798047,0_0.0,-1,0,0,0,0,257.928582,268.295558,10477.860786,False,0.0,0.0,3.0,0.0,2.470809404081786
2020-04-01,551,20200401,10174.94219805667,9943.487223881448,10177.96775327467,9908.69333887472,,1,0,0,0,0,0,0,0,0,0,0,0,0,0,0,0,-231.454974,-2.274755,0.977252,False,,1.3987199590798047,0_0.0,-1,0,0,0,0,284.023996,281.82157,10455.804489,False,0.0,0.0,3.0,0.0,2.470809404081786
2020-04-02,552,20200402,9951.051111926376,10111.40553847917,10167.37831001175,9943.487223881457,,1,0,1,1,0,0,0,0,0,1,0,0,0,0,0,0,160.354427,1.611432,1.016114,False,,1.3987199590798047,0_0.0,-1,0,0,0,0,287.427746,278.084119,10436.41068,False,0.0,0.0,3.0,0.0,2.470809404081786
2020-04-03,553,20200403,10123.50775935107,9985.844996933123,10126.53331456906,9863.310010605064,,1,1,1,1,0,0,0,0,0,1,0,0,0,0,0,0,-137.662762,-1.359833,0.986402,False,,1.3987199590798047,0_0.0,-1,0,0,0,0,287.80594,283.24536,10413.719016,False,0.0,0.0,3.0,0.0,2.470809404081786
2020-04-07,554,20200407,10011.56221628592,10111.40553847917,10209.73608306343,10011.56221628594,,1,1,1,1,0,0,0,0,0,0,0,0,0,0,0,0,99.843322,0.99728,1.009973,False,,1.3987199590798047,0_0.0,-1,0,0,0,0,273.812747,293.567843,10389.968407,False,0.0,0.0,3.0,0.0,2.470809404081786
2020-04-08,555,20200408,10091.73942956231,10202.17219501848,10271.75996503196,10016.1005491129,,1,1,1,1,0,0,0,0,0,1,0,0,0,0,0,0,110.432765,1.094289,1.010943,False,,1.3987199590798047,0_0.0,-1,0,0,0,0,245.069973,285.648007,10369.485399,False,0.0,0.0,3.0,0.0,2.470809404081786
2020-04-09,556,20200409,10205.19775023645,10196.12108458253,10277.81107546791,10129.55886978704,,1,1,1,1,0,0,0,0,0,1,0,0,0,0,0,0,-9.076666,-0.088942,0.999111,False,,1.3987199590798047,0_0.0,-1,0,0,0,0,241.666223,280.753727,10351.362323,False,0.0,0.0,3.0,0.0,2.470809404081786
2020-04-10,557,20200410,10250.5810785061,10165.86553240276,10308.06662764768,10135.60998022299,,1,1,1,1,1,0,1,0,0,1,1,0,0,0,0,0,-84.715546,-0.826446,0.991736,False,,1.3987199590798047,0_0.0,-1,0,0,0,0,222.756503,263.312291,10331.968514,False,0.0,0.0,3.0,0.0,2.470809404081786
2020-04-13,558,20200413,10075.09887586343,10100.81609521625,10205.19775023646,10037.27943563874,,1,1,1,1,1,0,1,0,0,1,1,0,0,0,0,0,25.717219,0.255255,1.002553,False,,1.3987199590798047,0_0.0,-1,0,0,0,0,200.064839,265.35899,10309.488639,False,0.0,0.0,3.0,0.0,2.470809404081786
2020-04-14,559,20200414,10100.81609521624,10014.58777150391,10185.53164131961,9963.153332798303,,1,1,1,1,1,0,1,0,0,1,0,0,0,0,0,0,-86.228324,-0.853677,0.991463,False,,1.3987199590798047,0_0.0,-1,0,0,0,0,186.071646,253.345756,10301.803728,False,0.0,0.0,3.0,0.0,2.470809404081786
2020-04-15,560,20200415,10002.48555063199,9878.43778669494,10010.04943867695,9834.56723603428,,1,1,1,1,1,0,1,0,0,0,0,0,0,0,0,0,-124.047764,-1.240169,0.987598,False,,1.3987199590798047,0_0.0,-1,0,0,0,0,177.751369,239.463797,10287.523108,False,0.0,0.0,3.0,0.0,2.470809404081786
2020-04-16,561,20200416,9872.386676258977,9666.64892143655,9908.693338874717,9592.52281859612,,0,0,0,1,1,0,1,0,0,0,0,0,0,0,0,0,-205.737755,-2.083972,0.97916,False,,1.3987199590798047,0_0.0,-1,0,0,0,0,185.693452,236.527228,10268.73441,False,0.0,0.0,3.0,0.0,2.470809404081786
2020-04-17,562,20200417,9690.853363180357,9660.597811000596,9736.236691450027,9606.137817077017,,0,0,0,0,0,0,1,0,0,0,0,0,0,0,0,0,-30.255552,-0.312207,0.996878,False,,1.3987199590798047,0_0.0,-1,0,0,0,0,221.62192,240.353666,10249.854945,False,0.0,0.0,3.0,0.0,2.470809404081786
2020-04-20,563,20200420,9718.830725094273,9681.221968075444,9853.49433893594,9658.17143958003,,0,0,0,0,0,0,0,0,0,0,0,0,0,0,0,0,-37.608757,-0.386968,0.99613,False,,1.3987199590798047,0_0.0,-1,0,0,0,0,212.167059,231.988896,10230.903875,False,0.0,0.0,3.0,0.0,2.470809404081786
2020-04-21,564,20200421,9732.17576790741,9449.503497410982,9774.637267767404,9415.534297523,,0,0,0,0,0,0,0,0,0,0,0,0,0,0,0,0,-282.67227,-2.904513,0.970955,False,,1.3987199590798047,0_0.0,-1,0,0,0,0,205.403207,229.685506,10207.863035,False,0.0,0.0,3.0,0.0,2.470809404081786
2020-04-22,565,20200422,9498.030925822375,9979.665652805588,9996.650252749589,9367.006869111596,,0,0,0,0,0,0,0,0,0,0,1,0,0,0,0,0,481.634727,5.07089,1.050709,False,,1.3987199590798047,0_0.0,-1,0,0,0,0,250.173816,235.770421,10195.546461,False,0.0,0.0,3.0,0.0,2.470809404081786
2020-04-23,566,20200423,10036.68538118898,9908.087695898765,10036.685381189,9821.951510468523,,0,0,0,0,0,0,0,0,0,0,1,1,0,0,0,0,-128.597685,-1.281276,0.987187,False,,1.3987199590798047,0_0.0,-1,0,0,0,0,328.542032,259.72719,10182.221905,False,0.0,0.0,3.0,0.0,2.470809404081786
2020-04-24,567,20200424,10048.81723829183,10509.8278082002,10509.8278082002,10016.06122411415,,1,0,0,0,0,0,0,0,0,1,1,1,1,1,1,0,461.01057,4.58771,1.045877,True,,1.3984402150879889,触发开仓_0.0,1,1,1,0,0,349.700781,253.582354,10182.656718,False,0.0,0.0,3.0,-0.0005999999999996009,2.4693269184393376
2020-04-27,568,20200427,11088.5173920062,11113.9942919222,11253.510648605,10877.4230784166,,1,1,1,0,1,0,0,0,1,1,1,1,1,1,1,0,25.4769,0.229759,1.002298,True,True,1.3740100936675987,平仓(止损)且触发开仓_10899.165211843,1,1,1,0,0,451.305084,269.045762,10197.201983,False,10978.11749237025,10899.165211843,3.0,-0.05240865034516973,2.339912827382935
2020-04-28,569,20200428,10978.11749237025,10961.13289242627,11094.58332055764,10677.24743621955,,1,1,1,1,1,1,0,1,1,1,1,1,1,1,1,1,-16.9846,-0.154713,0.998453,True,True,1.3502768108398469,平仓(止损)_10790.650547261188,3,0,0,0,0,547.450052,296.95214,10204.847564,False,10978.11749237025,10790.650547261188,3.0,-0.05181901414799972,2.218660851475693
2020-04-29,570,20200429,10998.7416494451,10950.2142210337,11002.38120657597,10839.81432139776,,1,1,1,1,1,1,1,1,1,1,1,1,1,1,1,1,-48.527428,-0.441209,0.995588,True,True,1.3502768108398469,0_0.0,-1,0,0,0,0,499.22592,309.473067,10212.607583,False,0.0,0.0,3.0,0.0,2.218660851475693
2020-04-30,571,20200430,10972.05156381882,10911.39227830458,11024.21854936111,10672.39469337841,,1,1,1,1,1,1,1,1,1,1,1,1,1,1,1,1,-60.659286,-0.552853,0.994471,True,True,1.3502768108398469,0_0.0,-1,0,0,0,0,486.184173,303.552101,10219.13733,False,0.0,0.0,3.0,0.0,2.218660851475693
2020-05-06,572,20200506,11113.99429192218,11004.80757799653,11403.94567668036,10894.40767836059,,1,1,1,1,1,1,1,1,1,1,1,1,1,1,1,1,-109.186714,-0.982425,0.990176,True,True,1.3502768108398469,0_0.0,-1,0,0,0,0,423.705109,311.077559,10219.820217,False,0.0,0.0,3.0,0.0,2.218660851475693
2020-05-07,573,20200507,10970.83837810854,11027.85810649195,11134.61844899705,10888.34174980917,,1,1,1,1,1,1,1,1,1,1,1,1,1,1,1,1,57.019728,0.519739,1.005197,True,True,1.3502768108398469,0_0.0,-1,0,0,0,0,365.168899,326.011593,10220.207726,False,0.0,0.0,3.0,0.0,2.218660851475693
2020-05-08,574,20200508,11023.0053636508,11003.59439228625,11049.69544927709,10826.46927858463,,1,1,1,1,1,1,1,1,1,1,1,1,1,1,0,1,-19.410971,-0.176095,0.998239,True,True,1.3502768108398469,0_0.0,-1,0,0,0,0,317.551359,331.777739,10220.109961,False,0.0,0.0,3.0,0.0,2.218660851475693
2020-05-11,575,20200511,11050.90863498736,11328.72816264267,11331.15453406325,10957.49333529542,,1,1,1,1,1,1,1,1,1,1,1,1,1,1,1,1,277.819528,2.513997,1.02514,True,True,1.3502768108398469,0_0.0,-1,0,0,0,0,332.716181,334.764182,10226.333337,False,0.0,0.0,3.0,0.0,2.218660851475693
2020-05-12,576,20200512,11328.72816264265,11260.7897628667,11355.41824826895,11211.04914874502,,1,1,1,1,1,1,1,1,1,1,1,1,1,1,1,1,-67.9384,-0.5997,0.994003,True,True,1.3502768108398469,0_0.0,-1,0,0,0,0,338.175517,346.866705,10235.948068,False,0.0,0.0,3.0,0.0,2.218660851475693
2020-05-13,577,20200513,11200.13047735243,11095.79650626792,11221.96782013759,10985.39660663198,,1,1,1,1,1,1,1,1,1,1,1,1,1,1,1,1,-104.333971,-0.931542,0.990685,True,True,1.3502768108398469,0_0.0,-1,0,0,0,0,246.883292,342.277928,10249.947843,False,0.0,0.0,3.0,0.0,2.218660851475693
2020-05-14,578,20200514,11065.46686351078,10959.91970671599,11080.02509203422,10851.94617850061,,1,1,1,1,1,1,1,1,1,1,1,1,1,1,1,1,-105.547157,-0.953843,0.990462,True,True,1.3502768108398469,0_0.0,-1,0,0,0,0,254.162407,347.888082,10264.527938,False,0.0,0.0,3.0,0.0,2.218660851475693
2020-05-15,579,20200515,11004.80757799652,10997.52846373482,11084.87783487536,10941.72192106171,,1,1,1,1,1,1,1,1,1,1,1,1,1,1,1,1,-7.279114,-0.066145,0.999339,True,True,1.3502768108398469,0_0.0,-1,0,0,0,0,259.318446,343.633953,10277.621297,False,0.0,0.0,3.0,0.0,2.218660851475693
2020-05-18,580,20200518,11191.63817738043,10974.47793523941,11367.5501053718,10967.1988209777,,1,1,1,1,1,1,1,1,1,1,1,1,1,1,1,1,-217.160242,-1.940379,0.980596,True,True,1.3502768108398469,0_0.0,-1,0,0,0,0,201.692124,344.402014,10290.677223,False,0.0,0.0,3.0,0.0,2.218660851475693
2020-05-19,581,20200519,10991.46253518338,11084.87783487536,11106.7151776605,10946.57466390285,,0,1,1,1,1,1,1,1,1,1,1,1,1,1,1,1,93.4153,0.84989,1.008499,True,True,1.3502768108398469,0_0.0,-1,0,0,0,0,265.68767,356.462507,10305.336037,False,0.0,0.0,3.0,0.0,2.218660851475693
2020-05-20,582,20200520,11083.66464916505,10950.21422103371,11112.78110621192,10899.26042120173,,0,0,0,1,1,1,1,1,1,1,1,1,1,1,1,0,-133.450428,-1.204028,0.98796,True,True,1.3502768108398469,0_0.0,-1,0,0,0,0,236.87451,344.758833,10317.876433,False,0.0,0.0,3.0,0.0,2.218660851475693
2020-05-21,583,20200521,10940.50873535141,10794.92645011721,10969.62519239827,10747.61220741609,,0,0,0,0,1,1,1,1,1,0,1,1,1,1,1,0,-145.582285,-1.330672,0.986693,True,True,1.3502768108398469,0_0.0,-1,0,0,0,0,229.292099,320.281028,10328.551551,False,0.0,0.0,3.0,0.0,2.218660851475693
2020-05-22,584,20200522,10781.58140730405,10900.47360691201,10927.16369253829,10733.05397889267,,0,0,0,0,1,1,1,1,1,0,1,1,1,1,1,0,118.8922,1.102734,1.011027,True,True,1.3502768108398469,0_0.0,-1,0,0,0,0,249.006367,320.709211,10339.673558,False,0.0,0.0,3.0,0.0,2.218660851475693
2020-05-25,585,20200525,10918.67139256628,10873.78352128574,11064.25367780051,10849.51980708004,,0,0,0,0,0,1,1,1,1,0,1,1,1,1,1,0,-44.887871,-0.411111,0.995889,True,True,1.3502768108398469,0_0.0,-1,0,0,0,0,197.445974,296.730952,10351.471984,False,0.0,0.0,3.0,0.0,2.218660851475693
2020-05-26,586,20200526,10855.58573563145,10776.72866446293,10870.14396415489,10712.42982181782,,0,0,0,0,0,1,0,1,1,0,1,1,1,1,1,0,-78.857071,-0.726419,0.992736,True,True,1.3502768108398469,0_0.0,-1,0,0,0,0,211.094314,265.616307,10361.783147,False,0.0,0.0,3.0,0.0,2.218660851475693
2020-05-27,587,20200527,10752.46495025721,10785.22096443492,10841.02750710805,10736.69353602352,,0,0,0,0,0,1,0,1,1,0,1,1,1,1,1,1,32.756014,0.304637,1.003046,True,True,1.3502768108398469,0_0.0,-1,0,0,0,0,198.052567,249.416709,10376.741978,False,0.0,0.0,3.0,0.0,2.218660851475693
2020-05-28,588,20200528,10774.30229304234,10595.96399363044,10782.79459301436,10572.91346513503,,0,0,0,0,0,1,0,1,1,0,0,1,1,1,1,1,-178.338299,-1.655219,0.983448,True,True,1.3502768108398469,0_0.0,-1,0,0,0,0,168.632814,245.991244,10391.969913,False,0.0,0.0,3.0,0.0,2.218660851475693
2020-05-29,589,20200529,10592.32443649957,10643.27823633156,10674.82106479898,10583.8321365276,,0,0,0,0,0,1,0,1,1,0,0,1,1,1,1,1,50.9538,0.481045,1.00481,True,True,1.3502768108398469,0_0.0,-1,0,0,0,0,173.18226,237.784399,10400.913056,False,0.0,0.0,3.0,0.0,2.218660851475693
2020-06-01,590,20200601,10642.06505062126,10557.14205090132,10856.79892134175,10531.66515098533,,0,0,0,0,0,1,0,1,1,0,0,1,1,1,1,1,-84.923,-0.797994,0.99202,True,True,1.3502768108398469,0_0.0,-1,0,0,0,0,142.246024,213.163866,10408.405775,False,0.0,0.0,3.0,0.0,2.218660851475693
2020-06-02,591,20200602,10580.19257939672,10695.44522187382,10757.31769309837,10520.74647959277,,0,0,0,0,0,1,0,1,1,0,0,1,1,1,1,1,115.252642,1.089325,1.010893,True,True,1.3502768108398469,0_0.0,-1,0,0,0,0,183.191042,217.802517,10424.624902,False,0.0,0.0,3.0,0.0,2.218660851475693
2020-06-03,592,20200603,10724.56167892065,10569.27390800417,10739.11990744409,10514.68055104134,,0,0,0,0,0,0,0,0,1,0,0,1,1,1,1,1,-155.287771,-1.447964,0.98552,True,True,1.3502768108398469,0_0.0,-1,0,0,0,0,216.250353,218.587519,10440.045169,False,0.0,0.0,3.0,0.0,2.218660851475693
2020-06-04,593,20200604,10554.71567948073,10497.69595109734,10606.88266502301,10462.51356549908,,0,0,0,0,0,0,0,0,1,0,0,0,1,1,1,1,-57.019728,-0.54023,0.994598,True,True,1.3502768108398469,0_0.0,-1,0,0,0,0,219.283317,209.809764,10451.22011,False,0.0,0.0,3.0,0.0,2.218660851475693
2020-06-05,594,20200605,10511.04099391047,10462.51356549908,10548.64975092933,10412.77295137739,,0,0,0,0,0,0,0,0,0,0,0,0,1,1,1,1,-48.527428,-0.461681,0.995383,True,True,1.3502768108398469,0_0.0,-1,0,0,0,0,232.62836,209.809764,10462.205748,False,0.0,0.0,3.0,0.0,2.218660851475693
2020-06-08,595,20200608,10439.46303700364,10367.88508009683,10532.87833669562,10314.50490884429,,0,0,0,0,0,0,0,0,0,0,0,0,1,1,1,1,-71.577957,-0.685648,0.993144,True,True,1.3502768108398469,0_0.0,-1,0,0,0,0,185.314118,201.60292,10471.692138,False,0.0,0.0,3.0,0.0,2.218660851475693
2020-06-09,596,20200609,10355.75322299397,10278.10933753573,10429.75755132138,10278.10933753574,,0,0,0,0,0,0,0,0,0,0,0,0,1,1,1,1,-77.643885,-0.749766,0.992502,True,True,1.3502768108398469,0_0.0,-1,0,0,0,0,180.764671,200.104278,10480.956302,False,0.0,0.0,3.0,0.0,2.218660851475693
2020-06-10,597,20200610,10280.53570895629,10023.34033837585,10319.35765168543,9973.599724254169,,0,0,0,0,0,0,0,0,0,0,0,0,0,0,0,0,-257.195371,-2.50177,0.974982,True,True,1.3502768108398469,0_0.0,-1,0,0,0,0,162.566886,200.603825,10480.828798,False,0.0,0.0,3.0,0.0,2.218660851475693
2020-06-11,598,20200611,10033.04582405812,10060.94909539469,10092.49192386211,9986.944767067303,,0,0,0,0,0,0,0,0,0,0,0,0,0,0,0,1,27.903271,0.278114,1.002781,True,True,1.3502768108398469,0_0.0,-1,0,0,0,0,212.914092,197.392451,10480.42478,False,0.0,0.0,3.0,0.0,2.218660851475693
2020-06-12,599,20200612,10040.32493831983,10145.87209511465,10211.38412347006,9899.595395926774,,0,0,0,0,0,0,0,0,0,0,0,0,0,1,1,0,105.547157,1.051232,1.010512,True,True,1.3502768108398469,0_0.0,-1,0,0,0,0,205.331682,194.181078,10487.104711,False,0.0,0.0,3.0,0.0,2.218660851475693
2020-06-15,600,20200615,10081.57325246953,9996.650252749578,10181.05448071293,9938.417338655898,,0,0,0,0,0,0,0,0,0,0,0,0,0,1,0,0,-84.923,-0.842359,0.991576,True,True,1.3502768108398469,0_0.0,-1,0,0,0,0,228.685507,199.961551,10484.325516,False,0.0,0.0,3.0,0.0,2.218660851475693
2020-06-16,601,20200616,10026.9798955067,10019.700781245,10127.67430946038,9990.584324198158,,0,0,0,0,0,0,0,0,0,0,0,0,0,1,1,1,-7.279114,-0.072595,0.999274,True,True,1.3502768108398469,0_0.0,-1,0,0,0,0,251.432738,201.174736,10485.849787,False,0.0,0.0,3.0,0.0,2.218660851475693
2020-06-17,602,20200617,9996.650252749569,10054.88316684326,10113.11608093696,9961.467867151316,,0,0,0,0,0,0,0,0,0,0,0,0,0,1,0,1,58.232914,0.582524,1.005825,True,True,1.3502768108398469,0_0.0,-1,0,0,0,0,199.265753,197.820635,10484.71934,False,0.0,0.0,3.0,0.0,2.218660851475693
2020-06-18,603,20200618,10071.86776678725,10025.76670979642,10082.78643817983,9969.960167123312,,0,0,0,0,0,0,0,0,0,0,0,0,0,1,1,1,-46.101057,-0.457721,0.995423,True,True,1.3502768108398469,0_0.0,-1,0,0,0,0,210.791017,194.109714,10485.517774,False,0.0,0.0,3.0,0.0,2.218660851475693
2020-06-19,604,20200619,10024.55352408612,9780.703196318822,10069.44139536669,9761.292224954266,,0,0,0,0,0,0,0,0,0,0,0,0,0,1,0,0,-243.850328,-2.432531,0.975675,True,True,1.3502768108398469,0_0.0,-1,0,0,0,0,161.050403,191.255159,10478.903727,False,0.0,0.0,3.0,0.0,2.218660851475693
2020-06-22,605,20200622,9732.175767907403,9666.66373955202,9774.637267767404,9635.120911084612,,0,0,0,0,0,0,0,0,0,0,0,0,0,0,0,0,-65.512028,-0.673149,0.993269,True,True,1.3502768108398469,0_0.0,-1,0,0,0,0,177.42841,203.244288,10468.193558,False,0.0,0.0,3.0,0.0,2.218660851475693
2020-06-23,606,20200623,9652.105511028589,9683.64833949601,9749.160367851417,9596.298968355488,,0,0,0,0,0,0,0,0,0,0,0,0,0,0,0,0,31.542828,0.326797,1.003268,True,True,1.3502768108398469,0_0.0,-1,0,0,0,0,179.551485,199.319276,10457.944103,False,0.0,0.0,3.0,0.0,2.218660851475693
2020-06-24,607,20200624,9678.795596654862,9578.101182701204,9720.04391080457,9565.969325598358,,0,0,0,0,0,0,0,0,0,0,0,0,0,0,0,0,-100.694414,-1.040361,0.989596,True,True,1.3502768108398469,0_0.0,-1,0,0,0,0,179.854781,202.958833,10446.188816,False,0.0,0.0,3.0,0.0,2.218660851475693
2020-06-29,608,20200629,9612.07038258918,9622.989053981752,9666.663739552025,9479.833140168112,,0,0,0,0,0,0,0,0,0,0,0,0,0,0,0,0,10.918671,0.113593,1.001136,True,True,1.3502768108398469,0_0.0,-1,0,0,0,0,190.16686,192.896528,10436.632275,False,0.0,0.0,3.0,0.0,2.218660851475693
2020-06-30,609,20200630,9632.694539664026,9666.663739552016,9757.65266782341,9632.694539664042,,0,0,0,0,0,0,0,0,0,0,0,0,0,0,0,0,33.9692,0.352645,1.003526,True,True,1.3502768108398469,0_0.0,-1,0,0,0,0,159.837217,189.970609,10429.673795,False,0.0,0.0,3.0,0.0,2.218660851475693
2020-07-01,610,20200701,9636.33409679488,9675.156039524014,9734.602139327992,9633.907725374327,,0,0,0,0,0,0,0,0,0,0,0,0,0,0,0,0,38.821943,0.40287,1.004029,True,True,1.3502768108398469,0_0.0,-1,0,0,0,0,157.107549,184.689683,10425.60816,False,0.0,0.0,3.0,0.0,2.218660851475693
2020-07-02,611,20200702,9681.22196807543,9842.575667543364,9881.397610272494,9653.31869673889,,0,0,0,0,0,0,0,0,0,0,0,0,0,0,1,0,161.353699,1.666667,1.016667,True,True,1.3502768108398469,0_0.0,-1,0,0,0,0,144.065803,182.120584,10429.126695,False,0.0,0.0,3.0,0.0,2.218660851475693
2020-07-03,612,20200703,9841.362481833068,9840.149296122794,9923.859110132476,9812.246024786244,,0,0,0,0,0,0,0,0,0,0,0,0,0,0,1,0,-1.213186,-0.012327,0.999877,True,True,1.3502768108398469,0_0.0,-1,0,0,0,0,162.566885,187.544238,10432.717724,False,0.0,0.0,3.0,0.0,2.218660851475693
2020-07-06,613,20200706,9820.73832475822,9843.788853253647,9889.88991024449,9747.94718214113,,0,0,0,0,0,0,0,0,0,0,0,0,0,0,1,0,23.050528,0.234713,1.002347,True,True,1.3502768108398469,0_0.0,-1,0,0,0,0,143.762507,181.264218,10435.969062,False,0.0,0.0,3.0,0.0,2.218660851475693
2020-07-07,614,20200707,9851.067967515348,9781.916382029109,9904.448138767912,9760.07903924398,,1,0,0,0,0,0,0,0,0,0,0,0,0,0,1,0,-69.151585,-0.70197,0.99298,True,True,1.3502768108398469,0_0.0,-1,0,0,0,0,145.582285,180.693307,10442.61732,False,0.0,0.0,3.0,0.0,2.218660851475693
2020-07-08,615,20200708,9809.819653365652,9835.296553281652,9859.56026748736,9784.342753449684,,1,0,0,0,0,0,0,0,0,0,0,0,0,0,0,0,25.4769,0.259708,1.002597,True,True,1.3502768108398469,0_0.0,-1,0,0,0,0,156.500957,168.846905,10439.729938,False,0.0,0.0,3.0,0.0,2.218660851475693
2020-07-09,616,20200709,9847.428410384491,9911.727253029616,9985.731581357017,9847.428410384511,,1,1,0,0,0,0,0,0,0,0,0,0,0,0,1,0,64.298843,0.652951,1.00653,True,True,1.3502768108398469,0_0.0,-1,0,0,0,0,118.8922,167.205536,10439.802729,False,0.0,0.0,3.0,0.0,2.218660851475693
2020-07-10,617,20200710,9887.4635388239,9547.771539944071,9914.153624450191,9535.63968284123,,1,1,0,0,0,0,0,0,0,0,0,0,0,0,0,0,-339.691999,-3.435583,0.965644,True,True,1.3502768108398469,0_0.0,-1,0,0,0,0,128.597685,157.714142,10420.561604,False,0.0,0.0,3.0,0.0,2.218660851475693
2020-07-13,618,20200713,9558.690211336629,9437.371640308123,9620.562682561187,9396.12332615844,,0,1,0,0,0,0,0,0,0,0,0,0,0,0,0,0,-121.318571,-1.269197,0.987308,True,True,1.3502768108398469,0_0.0,-1,0,0,0,0,187.740489,165.706895,10387.029151,False,0.0,0.0,3.0,0.0,2.218660851475693
2020-07-14,619,20200714,9421.600226074406,9443.437568859552,9508.949597214954,9367.006869111596,,0,0,0,0,0,0,0,0,0,0,0,0,0,0,0,0,21.837343,0.23178,1.002318,True,True,1.3502768108398469,0_0.0,-1,0,0,0,0,207.758053,170.845093,10356.675244,False,0.0,0.0,3.0,0.0,2.218660851475693
2020-07-15,620,20200715,9441.011197438967,9414.32111181271,9505.3100400841,9390.057397607014,,0,0,0,0,0,0,0,0,0,0,0,0,0,0,0,0,-26.690086,-0.282704,0.997173,True,True,1.3502768108398469,0_0.0,-1,0,0,0,0,223.832763,170.274183,10325.957382,False,0.0,0.0,3.0,0.0,2.218660851475693
2020-07-16,621,20200716,9397.336511868703,9197.160869671668,9460.42216880355,9181.389455437968,,0,0,0,0,0,0,0,0,0,0,0,0,0,0,0,0,-200.175642,-2.130132,0.978699,True,True,1.3502768108398469,0_0.0,-1,0,0,0,0,215.037167,170.41691,10291.672754,False,0.0,0.0,3.0,0.0,2.218660851475693
2020-07-17,622,20200717,9200.800426802509,9195.947683961384,9240.83555524194,9128.00928418542,,0,0,0,0,0,0,0,0,0,0,0,0,0,0,0,0,-4.852743,-0.052743,0.999473,True,True,1.3502768108398469,0_0.0,-1,0,0,0,0,190.16686,168.704177,10255.495556,False,0.0,0.0,3.0,0.0,2.218660851475693
2020-07-20,623,20200720,9222.63776958764,9347.595897747024,9402.189254709863,9143.780698419128,,0,0,0,0,0,0,0,0,0,0,0,0,0,0,0,0,124.958128,1.354907,1.013549,True,True,1.3502768108398469,0_0.0,-1,0,0,0,0,162.263588,166.777353,10221.890312,False,0.0,0.0,3.0,0.0,2.218660851475693
2020-07-21,624,20200721,9348.809083457294,9214.14546961566,9420.387040364143,9195.947683961387,,0,0,0,0,0,0,0,0,0,0,0,0,0,0,0,0,-134.663614,-1.440436,0.985596,True,True,1.3502768108398469,0_0.0,-1,0,0,0,0,191.380045,172.986009,10186.101333,False,0.0,0.0,3.0,0.0,2.218660851475693
2020-07-22,625,20200722,9197.16086967165,9273.591569419632,9367.006869111598,9186.242198279107,,0,0,0,0,0,0,0,0,0,0,0,0,0,0,0,0,76.4307,0.831025,1.00831,True,True,1.3502768108398469,0_0.0,-1,0,0,0,0,218.676724,177.125114,10144.998601,False,0.0,0.0,3.0,0.0,2.218660851475693
2020-07-23,626,20200723,9302.708026466458,9056.431327278591,9334.2508549339,8990.9192989232,,0,0,0,0,0,0,0,0,0,0,0,0,0,0,0,0,-246.276699,-2.647366,0.973526,True,True,1.3502768108398469,0_0.0,-1,0,0,0,0,194.109713,176.768294,10100.911433,False,0.0,0.0,3.0,0.0,2.218660851475693
2020-07-24,627,20200724,9056.431327278577,9146.207069839693,9186.242198279111,8880.519399287252,,0,0,0,0,0,0,0,0,0,0,0,0,0,0,0,0,89.775743,0.991293,1.009913,True,True,1.3502768108398469,0_0.0,-1,0,0,0,0,251.736035,189.042879,10061.919644,False,0.0,0.0,3.0,0.0,2.218660851475693
2020-07-27,628,20200727,9144.99388412939,9067.349998671158,9160.765298363123,8999.411598895196,,0,0,0,0,0,0,0,0,0,0,0,0,0,0,0,0,-77.643885,-0.849032,0.99151,True,True,1.3502768108398469,0_0.0,-1,0,0,0,0,263.564595,201.103372,10024.06825,False,0.0,0.0,3.0,0.0,2.218660851475693
2020-07-28,629,20200728,9152.2729983911,9063.7104415403,9152.272998391129,9006.690713156908,,0,0,0,0,0,0,0,0,0,0,0,0,0,0,0,0,-88.562557,-0.967656,0.990323,True,True,1.3502768108398469,0_0.0,-1,0,0,0,0,247.793181,197.17836,9985.391889,False,0.0,0.0,3.0,0.0,2.218660851475693
2020-07-29,630,20200729,9023.675313100875,8919.341342016369,9055.218141568315,8882.945770707824,,0,0,0,0,0,0,0,0,0,0,0,0,0,0,0,0,-104.333971,-1.156225,0.988438,True,True,1.3502768108398469,0_0.0,-1,0,0,0,0,238.997585,199.176548,9944.289157,False,0.0,0.0,3.0,0.0,2.218660851475693
2020-07-30,631,20200730,8915.7017848855,8841.697456558119,9001.83797031577,8833.205156586133,,0,0,0,0,0,0,0,0,0,0,0,0,0,0,0,0,-74.004328,-0.830045,0.9917,True,True,1.3502768108398469,0_0.0,-1,0,0,0,0,198.355863,201.460192,9899.42555,False,0.0,0.0,3.0,0.0,2.218660851475693
2020-07-31,632,20200731,8831.991970875824,8716.73932839875,8855.042499371268,8710.673399847334,,0,0,0,0,0,0,0,0,0,0,0,0,0,0,0,0,-115.252642,-1.304945,0.986951,True,True,1.3502768108398469,0_0.0,-1,0,0,0,0,164.083367,202.887469,9854.756052,False,0.0,0.0,3.0,0.0,2.218660851475693
2020-08-03,633,20200803,8692.475614193032,8666.998714277059,8711.88658555762,8534.761471855989,,0,0,0,0,0,0,0,0,0,0,0,0,0,0,0,0,-25.4769,-0.293091,0.997069,True,True,1.3502768108398469,0_0.0,-1,0,0,0,0,159.837218,206.812482,9812.197497,False,0.0,0.0,3.0,0.0,2.218660851475693
2020-08-04,634,20200804,8691.262428482747,8703.394285585613,8744.64259973532,8625.750400127376,,0,0,0,0,0,0,0,0,0,0,0,0,0,0,0,0,12.131857,0.139587,1.001396,True,True,1.3502768108398469,0_0.0,-1,0,0,0,0,168.93611,208.667942,9768.255911,False,0.0,0.0,3.0,0.0,2.218660851475693
2020-08-05,635,20200805,8681.556942800466,8607.552614473087,8791.95684243644,8589.354828818821,,0,0,0,0,0,0,0,0,0,0,0,0,0,0,0,0,-74.004328,-0.852432,0.991476,True,True,1.3502768108398469,0_0.0,-1,0,0,0,0,153.467993,193.396075,9722.931293,False,0.0,0.0,3.0,0.0,2.218660851475693
2020-08-06,636,20200806,8601.486685921647,8503.218643388565,8666.998714277071,8493.513157706295,,0,0,0,0,0,0,0,0,0,0,0,0,0,0,0,0,-98.268043,-1.142454,0.988575,True,True,1.3502768108398469,0_0.0,-1,0,0,0,0,161.960293,192.111525,9677.461092,False,0.0,0.0,3.0,0.0,2.218660851475693
2020-08-07,637,20200807,8503.21864338855,8292.124329798951,8529.90872901485,8255.728758490406,,0,0,0,0,0,0,0,0,0,0,0,0,0,0,0,0,-211.094314,-2.482522,0.975175,True,True,1.3502768108398469,0_0.0,-1,0,0,0,0,169.239407,193.966986,9627.59916,False,0.0,0.0,3.0,0.0,2.218660851475693
2020-08-10,638,20200810,8300.616629770933,8717.952514109036,8755.561271127888,8275.139729854967,,0,0,0,0,0,0,0,0,0,0,0,0,0,0,0,0,417.335884,5.02777,1.050278,True,True,1.3502768108398469,0_0.0,-1,0,0,0,0,192.289936,203.315652,9590.03893,False,0.0,0.0,3.0,0.0,2.218660851475693
2020-08-11,639,20200811,8698.541542744459,8625.750400127366,8817.43374235243,8568.730671743971,,0,0,0,0,0,0,0,0,0,0,0,0,0,0,0,0,-72.791143,-0.83682,0.991632,True,True,1.3502768108398469,0_0.0,-1,0,0,0,0,282.672271,215.162054,9549.688373,False,0.0,0.0,3.0,0.0,2.218660851475693
2020-08-12,640,20200812,8607.552614473074,8630.603142968506,8719.165699819334,8532.335100435417,,0,0,0,0,0,0,0,0,0,0,0,0,0,0,0,0,23.050528,0.267794,1.002678,True,True,1.3502768108398469,0_0.0,-1,0,0,0,0,294.197535,223.154807,9511.157595,False,0.0,0.0,3.0,0.0,2.218660851475693
2020-08-13,641,20200813,8646.374557202198,8761.627199679302,8855.04249937127,8646.37455720222,,0,0,0,0,0,0,0,0,0,0,0,0,0,0,0,0,115.252642,1.332959,1.01333,True,True,1.3502768108398469,0_0.0,-1,0,0,0,0,297.533795,218.944339,9472.481235,False,0.0,0.0,3.0,0.0,2.218660851475693
2020-08-14,642,20200814,8743.42941402501,8510.497757650277,8782.251356754161,8506.858200519428,,0,0,0,0,0,0,0,0,0,0,0,0,0,0,0,0,-232.931656,-2.664077,0.973359,True,True,1.3502768108398469,0_0.0,-1,0,0,0,0,285.098642,218.944339,9431.305712,False,0.0,0.0,3.0,0.0,2.218660851475693
2020-08-17,643,20200817,8506.858200519406,8425.574757930317,8533.548286145706,8395.245115173195,,0,0,0,0,0,0,0,0,0,0,0,0,0,0,0,0,-81.283443,-0.955505,0.990445,True,True,1.3502768108398469,0_0.0,-1,0,0,0,0,233.841545,224.51072,9389.863288,False,0.0,0.0,3.0,0.0,2.218660851475693
2020-08-18,644,20200818,8441.346172164007,8531.121914725125,8628.176771547947,8441.34617216403,,0,0,0,0,0,0,0,0,0,0,0,0,0,0,0,0,89.775743,1.063524,1.010635,True,True,1.3502768108398469,0_0.0,-1,0,0,0,0,206.24157,212.450227,9351.235455,False,0.0,0.0,3.0,0.0,2.218660851475693
2020-08-19,645,20200819,8504.431829098834,8488.660414865146,8603.913057342244,8455.904400687452,,0,0,0,0,0,0,0,0,0,0,0,0,0,0,0,0,-15.771414,-0.185449,0.998146,True,True,1.3502768108398469,0_0.0,-1,0,0,0,0,210.184424,206.384299,9313.650962,False,0.0,0.0,3.0,0.0,2.218660851475693
2020-08-20,646,20200820,8491.086786285698,8345.504501051499,8529.90872901485,8315.174858294375,,0,0,0,0,0,0,0,0,0,0,0,0,0,0,0,0,-145.582285,-1.714531,0.982855,True,True,1.3502768108398469,0_0.0,-1,0,0,0,0,191.07675,205.599296,9274.998865,False,0.0,0.0,3.0,0.0,2.218660851475693
2020-08-21,647,20200821,8357.636358154332,8360.06272957492,8401.311043724625,8281.20565840639,,0,0,0,0,0,0,0,0,0,0,0,0,0,0,0,0,2.426371,0.029032,1.00029,True,True,1.3502768108398469,0_0.0,-1,0,0,0,0,175.911928,209.667036,9241.733313,False,0.0,0.0,3.0,0.0,2.218660851475693
2020-08-24,648,20200824,8396.458300883456,8482.59448631372,8565.091114613118,8396.45830088348,,0,0,0,0,0,0,0,0,0,0,0,0,0,0,0,0,86.136185,1.025863,1.010259,True,True,1.3502768108398469,0_0.0,-1,0,0,0,0,171.362482,206.098843,9210.16622,False,0.0,0.0,3.0,0.0,2.218660851475693
2020-08-25,649,20200825,8516.563686201685,8472.889000631438,8549.31970037941,8447.412100715455,,0,0,0,0,0,0,0,0,0,0,0,0,0,0,0,0,-43.674686,-0.512821,0.994872,True,True,1.3502768108398469,0_0.0,-1,0,0,0,0,171.969075,208.239759,9176.706559,False,0.0,0.0,3.0,0.0,2.218660851475693
2020-08-26,650,20200826,8468.03625779028,8391.605558042333,8468.036257790305,8343.078129630934,,0,0,0,0,0,0,0,0,0,0,0,0,0,0,0,0,-76.4307,-0.902579,0.990974,True,True,1.3502768108398469,0_0.0,-1,0,0,0,0,160.44381,205.742024,9144.605665,False,0.0,0.0,3.0,0.0,2.218660851475693
2020-08-27,651,20200827,8391.605558042316,8353.996801023493,8472.889000631447,8323.667158266371,,0,0,0,0,0,0,0,0,0,0,0,0,0,0,0,0,-37.608757,-0.448171,0.995518,True,True,1.3502768108398469,0_0.0,-1,0,0,0,0,139.21306,202.673378,9111.291585,False,0.0,0.0,3.0,0.0,2.218660851475693
2020-08-28,652,20200828,8326.09352968692,8321.240786845794,8403.737415145193,8178.084873032154,,0,0,0,0,0,0,0,0,0,1,0,0,0,0,0,0,-4.852743,-0.058284,0.999417,True,True,1.3502768108398469,0_0.0,-1,0,0,0,0,146.492175,204.457474,9076.618737,False,0.0,0.0,3.0,0.0,2.218660851475693
2020-08-31,653,20200831,8378.26051522918,8300.616629770946,8417.08245795833,8286.058401247532,,0,0,0,0,0,0,0,0,0,0,0,0,0,0,0,0,-77.643885,-0.92673,0.990733,True,True,1.3502768108398469,0_0.0,-1,0,0,0,0,151.648214,205.813388,9042.115736,False,0.0,0.0,3.0,0.0,2.218660851475693
2020-09-01,654,20200901,8300.616629770931,8317.601229714937,8364.915472416069,8229.03867286413,,0,0,0,0,0,0,0,0,0,0,0,0,0,0,0,0,16.9846,0.204619,1.002046,True,True,1.3502768108398469,0_0.0,-1,0,0,0,0,158.927328,203.315652,9012.853697,False,0.0,0.0,3.0,0.0,2.218660851475693
2020-09-02,655,20200902,8341.864943920626,8210.840887209844,8389.179186621772,8189.00354442472,,0,0,0,0,0,0,0,0,0,0,0,0,0,0,0,0,-131.024057,-1.570681,0.984293,True,True,1.3502768108398469,0_0.0,-1,0,0,0,0,160.44381,195.180172,8983.73724,False,0.0,0.0,3.0,0.0,2.218660851475693
2020-09-03,656,20200903,8172.018944480707,8118.638773228174,8263.007872752118,8084.669573340198,,0,0,0,0,0,0,0,0,0,0,0,0,0,0,0,0,-53.380171,-0.653207,0.993468,True,True,1.3502768108398469,0_0.0,-1,0,0,0,0,173.18226,178.695119,8952.437048,False,0.0,0.0,3.0,0.0,2.218660851475693
2020-09-04,657,20200904,8152.607973116144,8208.414515789274,8333.372643948656,8152.607973116166,,0,0,0,0,0,0,0,0,0,0,0,0,0,0,0,0,55.806543,0.684524,1.006845,True,True,1.3502768108398469,0_0.0,-1,0,0,0,0,161.3537,174.556015,8925.043315,False,0.0,0.0,3.0,0.0,2.218660851475693
2020-09-07,658,20200907,8201.13540152755,8346.71768676178,8370.981400967496,8195.069472976147,,0,0,0,0,0,0,0,0,0,0,0,0,0,0,0,0,145.582285,1.775148,1.017751,True,True,1.3502768108398469,0_0.0,-1,0,0,0,0,182.281153,176.197383,8899.517888,False,0.0,0.0,3.0,0.0,2.218660851475693
2020-09-08,659,20200908,8367.341843836615,8774.972242492435,8774.972242492448,8360.062729574925,,0,0,0,0,0,0,0,0,0,1,1,1,0,0,0,0,407.630399,4.871683,1.048717,True,True,1.3502768108398469,0_0.0,-1,0,0,0,0,192.289935,173.342829,8881.684058,False,0.0,0.0,3.0,0.0,2.218660851475693
2020-09-09,660,20200909,8771.332685361567,8603.91305734223,8925.407270567806,8567.517486033685,,1,1,1,0,0,0,0,0,0,1,0,0,0,0,0,0,-167.419628,-1.908714,0.980913,True,True,1.3502768108398469,0_0.0,-1,0,0,0,0,249.309663,182.334676,8860.259198,False,0.0,0.0,3.0,0.0,2.218660851475693
2020-09-10,661,20200910,8637.882257230202,8639.0954429405,8730.084371211899,8596.63394308053,,1,1,1,1,0,0,0,0,0,1,0,1,0,0,0,0,1.213186,0.014045,1.00014,True,True,1.3502768108398469,0_0.0,-1,0,0,0,0,294.197535,195.251536,8836.189593,False,0.0,0.0,3.0,0.0,2.218660851475693
2020-09-11,662,20200911,8643.948185781626,8550.532886089684,8750.708528286747,8483.807672024011,,1,1,1,1,1,0,0,0,0,1,1,1,0,0,0,0,-93.4153,-1.080702,0.989193,True,True,1.3502768108398469,0_0.0,-1,0,0,0,0,273.876674,191.183795,8810.397265,False,0.0,0.0,3.0,0.0,2.218660851475693
2020-09-14,663,20200914,8563.877928902806,8550.532886089684,8668.211899987356,8520.203243332566,,1,1,1,1,1,0,1,0,0,1,1,0,0,0,0,0,-13.345043,-0.155829,0.998442,True,True,1.3502768108398469,0_0.0,-1,0,0,0,0,296.623906,198.177454,8784.532146,False,0.0,0.0,3.0,0.0,2.218660851475693
2020-09-15,664,20200915,8565.091114613091,8351.570429602922,8600.27350021139,8313.961672584092,,1,1,1,1,1,0,1,0,0,0,0,0,0,0,0,0,-213.520685,-2.492918,0.975071,True,True,1.3502768108398469,0_0.0,-1,0,0,0,0,226.562432,194.252441,8755.925227,False,0.0,0.0,3.0,0.0,2.218660851475693
2020-09-16,665,20200916,8352.783615313192,8201.135401527563,8386.752815201204,8201.135401527574,,1,1,1,1,1,0,1,0,0,0,0,0,0,0,0,0,-151.648214,-1.815541,0.981845,True,True,1.3502768108398469,0_0.0,-1,0,0,0,0,208.667942,204.029291,8723.242004,False,0.0,0.0,3.0,0.0,2.218660851475693
2020-09-17,666,20200917,8215.693630050971,8134.41018746188,8221.759558602424,8094.375059022481,,0,1,0,1,1,0,1,0,0,0,0,0,0,0,0,0,-81.283443,-0.989368,0.990106,True,True,1.3502768108398469,0_0.0,-1,0,0,0,0,221.709689,202.887469,8687.695662,False,0.0,0.0,3.0,0.0,2.218660851475693
2020-09-18,667,20200918,8165.305939666009,8205.029049642775,8257.99319627846,8149.858063563961,,0,0,0,1,0,0,1,0,0,0,0,0,0,0,0,0,39.72311,0.486486,1.004865,True,True,1.3502768108398469,0_0.0,-1,0,0,0,0,186.8306,204.38611,8660.840813,False,0.0,0.0,3.0,0.0,2.218660851475693
2020-09-21,668,20200921,8250.2692582274,8195.098272148587,8329.715478180931,8163.099100222879,,0,0,0,0,0,0,1,0,0,0,0,0,0,0,0,0,-55.170986,-0.668717,0.993313,True,True,1.3502768108398469,0_0.0,-1,0,0,0,0,180.724188,204.019766,8635.995345,False,0.0,0.0,3.0,0.0,2.218660851475693
2020-09-22,669,20200922,8209.44272852907,8240.338480733222,8286.682109039448,8029.585313912124,,0,0,0,0,0,0,1,0,0,0,0,0,0,0,0,0,30.895752,0.376344,1.003763,True,True,1.3502768108398469,0_0.0,-1,0,0,0,0,150.800325,205.042974,8611.933364,False,0.0,0.0,3.0,0.0,2.218660851475693
2020-09-23,670,20200923,8256.889776556858,8115.65205219508,8278.958170988413,8075.928942218336,,0,0,0,0,0,0,0,0,0,0,0,0,0,0,0,0,-141.237724,-1.710544,0.982895,True,True,1.3502768108398469,0_0.0,-1,0,0,0,0,168.67017,206.892635,8585.959982,False,0.0,0.0,3.0,0.0,2.218660851475693
2020-09-24,671,20200924,8099.10075637142,8318.681280965155,8333.02573734566,8065.998164724147,,0,0,0,0,0,0,0,0,0,1,0,0,0,0,0,0,219.580525,2.711172,1.027112,True,True,1.3502768108398469,0_0.0,-1,0,0,0,0,187.581353,211.128234,8568.390391,False,0.0,0.0,3.0,0.0,2.218660851475693
2020-09-25,672,20200925,8326.405219016176,8223.787184909575,8388.196723424486,8220.476925744855,,0,0,0,0,0,0,0,0,0,1,0,0,0,0,0,0,-102.618034,-1.232441,0.987676,True,True,1.3502768108398469,0_0.0,-1,0,0,0,0,223.442494,218.842985,8548.947181,False,0.0,0.0,3.0,0.0,2.218660851475693
2020-09-28,673,20200928,8208.339308807492,8061.584485837831,8237.028221568507,8041.722930849463,,0,0,0,0,0,0,0,0,0,0,0,0,0,0,0,0,-146.754823,-1.787875,0.982121,True,True,1.3502768108398469,0_0.0,-1,0,0,0,0,223.718349,216.933818,8523.226952,False,0.0,0.0,3.0,0.0,2.218660851475693
2020-09-29,674,20200929,8049.446868900478,8129.996508575574,8187.374334097565,7978.828006719603,,0,0,0,0,0,0,0,0,0,0,0,0,0,0,0,0,80.54964,1.000685,1.010007,True,True,1.3502768108398469,0_0.0,-1,0,0,0,0,208.270473,217.931876,8501.543973,False,0.0,0.0,3.0,0.0,2.218660851475693
2020-09-30,675,20200930,8099.100756371419,8272.33765265894,8284.475269596296,8099.10075637144,,1,0,0,0,0,0,0,0,0,0,1,0,0,0,0,0,173.236896,2.138965,1.02139,True,True,1.3502768108398469,0_0.0,-1,0,0,0,0,209.649747,217.567903,8481.518895,False,0.0,0.0,3.0,0.0,2.218660851475693
2020-10-09,676,20201009,8761.152589317311,8858.253524816055,8858.253524816071,8478.677140593752,,1,1,1,0,0,0,0,0,0,1,1,1,1,1,0,0,97.100935,1.108312,1.011083,True,,1.350006755477679,触发开仓_0.0,1,1,1,0,0,189.236482,218.124526,8477.555339,False,0.0,0.0,3.0,-0.0005999999999999339,2.2173296549648076
2020-10-12,677,20201012,8938.803164491124,8985.14679279735,9276.449599293564,8922.251868667501,,1,1,1,1,1,1,0,0,0,1,1,1,1,1,0,0,46.343628,0.518455,1.005185,True,,1.3548395163601448,0_8786.160407356945,2,1,1,0,0,293.785501,227.398721,8474.334133,False,8938.803164491124,8786.160407356945,3.0,0.010739414887051657,2.241142478070838
2020-10-13,678,20201013,8970.802336416844,9080.040888852927,9106.522962170784,8868.184302310252,,1,1,1,1,1,1,1,1,0,1,1,1,1,1,1,0,109.238552,1.217712,1.012177,True,,1.3681712705186702,0_8786.160407356945,2,1,1,0,0,349.508196,230.94615,8474.587951,False,8938.803164491124,8786.160407356945,3.0,0.029520295202952296,2.3073016656153653
2020-10-14,679,20201014,9059.075914142964,9017.145964723068,9078.937469131371,8954.251040593217,,1,1,1,1,1,1,1,1,0,1,1,1,1,1,0,0,-41.929949,-0.46285,0.995371,True,,1.3595056303156288,0_8786.160407356945,2,1,1,0,0,356.95628,237.116046,8473.656661,False,8938.803164491124,8786.160407356945,3.0,-0.01900121802679633,2.2634601236134175
2020-10-15,680,20201015,9001.698088620988,9118.660579108106,9123.074257994433,8899.080054514392,,1,1,1,1,1,1,1,1,1,1,1,1,1,1,1,0,116.96249,1.299338,1.012993,True,,1.3815030246771958,0_8786.160407356945,2,1,1,0,0,342.060113,228.815398,8477.643046,False,8938.803164491124,8786.160407356945,3.0,0.04854130914439847,2.373331441209755
2020-10-16,681,20201016,9147.349491869085,9030.387001381989,9193.693120175329,8975.21601530317,,1,1,1,1,1,1,1,1,1,1,1,1,1,1,1,0,-116.96249,-1.278649,0.987214,True,,1.3558393979220345,0_8786.160407356945,2,1,1,0,0,251.579696,233.285136,8481.416837,False,8938.803164491124,8786.160407356945,3.0,-0.05572979493365482,2.2410661666815397
2020-10-19,682,20201019,8977.422854746306,9018.249384444644,9112.040060778669,8926.665547553805,,1,1,1,1,1,1,1,1,1,1,1,1,1,1,1,0,40.82653,0.454769,1.004548,True,,1.3628385688552604,0_8786.160407356945,2,1,1,0,0,201.649954,229.294858,8487.447038,False,8938.803164491124,8786.160407356945,3.0,0.015486725663717449,2.2757729435991756
2020-10-20,683,20201020,9023.76648305252,9054.66223525667,9166.107627135914,8992.870730848395,,1,1,1,1,1,1,1,1,1,1,1,1,1,1,1,0,30.895752,0.342382,1.003424,True,,1.3631718627092235,0_8786.160407356945,2,1,1,0,0,188.408917,229.28057,8495.200309,False,8938.803164491124,8786.160407356945,3.0,0.0007336757153335594,2.2774426229415075
2020-10-21,684,20201021,9025.973322495673,8839.495389549256,9042.524618319349,8783.220983748863,,1,1,1,1,1,1,1,1,1,1,1,1,1,1,1,0,-186.477933,-2.066015,0.97934,True,True,1.326688082423681,平仓(止损)_8786.160407356945,3,0,0,0,0,200.270679,231.97777,8497.922331,False,8938.803164491124,8786.160407356945,3.0,-0.08029166670085108,2.094582958929976
2020-10-22,685,20201022,8805.289378180374,8785.427823192009,8860.460364259226,8717.015800454274,,0,1,1,1,1,1,1,1,1,1,1,1,1,1,1,0,-19.861555,-0.225564,0.997744,True,True,1.326688082423681,0_0.0,-1,0,0,0,0,212.132441,240.675313,8501.479835,False,0.0,0.0,3.0,0.0,2.094582958929976
2020-10-23,686,20201023,8767.773107646773,8502.952374468427,8796.46202040779,8496.331856138975,,0,0,1,1,1,1,1,1,1,1,1,0,1,1,0,0,-264.820733,-3.020388,0.969796,True,True,1.326688082423681,0_0.0,-1,0,0,0,0,193.374306,239.312265,8501.47451,False,0.0,0.0,3.0,0.0,2.094582958929976
2020-10-26,687,20201026,8438.95403061698,8326.405219016187,8459.919005326958,8285.578689317867,,0,0,0,1,1,1,1,1,1,1,1,0,1,0,1,0,-112.548812,-1.333682,0.986663,False,,1.326688082423681,0_0.0,-1,0,0,0,0,222.063219,241.84364,8502.160127,False,0.0,0.0,3.0,0.0,2.094582958929976
2020-10-27,688,20201027,8337.439416231942,8197.305111591739,8367.231748714532,8187.374334097559,,0,0,0,0,1,1,1,1,1,1,1,0,0,0,0,0,-140.134305,-1.680783,0.983192,False,,1.326688082423681,0_0.0,-1,0,0,0,0,233.097416,242.687432,8491.747179,False,0.0,0.0,3.0,0.0,2.094582958929976
2020-10-28,689,20201028,8214.959827136952,8224.890604631151,8270.130813215801,8118.962311359816,,0,0,0,0,0,1,1,1,1,1,0,0,0,0,0,0,9.930777,0.120887,1.001209,False,,1.326688082423681,0_0.0,-1,0,0,0,0,210.201457,237.559775,8483.729983,False,0.0,0.0,3.0,0.0,2.094582958929976
2020-10-29,690,20201029,8198.408531313306,8116.755471916655,8256.889776556884,8074.825522496757,,0,0,0,0,0,0,1,1,1,0,1,0,0,0,0,0,-81.653059,-0.995962,0.99004,False,,1.326688082423681,0_0.0,-1,0,0,0,0,212.132441,236.58617,8473.45303,False,0.0,0.0,3.0,0.0,2.094582958929976
2020-10-30,691,20201030,8110.134953587186,8121.169150802961,8203.925629921212,8060.481066116263,,0,0,0,0,0,0,0,1,1,0,0,0,0,0,0,0,11.034197,0.136054,1.001361,False,,1.326688082423681,0_0.0,-1,0,0,0,0,182.615964,235.807285,8460.643869,False,0.0,0.0,3.0,0.0,2.094582958929976
2020-11-02,692,20201102,8104.617854979304,8051.653708343642,8208.339308807519,8016.344277253203,,0,0,0,0,0,0,0,0,1,0,0,0,0,0,0,0,-52.964147,-0.653506,0.993465,False,,1.326688082423681,0_0.0,-1,0,0,0,0,164.133684,231.97777,8451.466988,False,0.0,0.0,3.0,0.0,2.094582958929976
2020-11-03,693,20201103,8065.998164724127,8125.582829689267,8157.582001615001,8057.170806951533,,0,0,0,0,0,0,0,0,1,0,1,0,0,0,0,0,59.584665,0.738714,1.007387,False,,1.326688082423681,0_0.0,-1,0,0,0,0,167.168088,232.367212,8445.467149,False,0.0,0.0,3.0,0.0,2.094582958929976
2020-11-04,694,20201104,8126.686249410833,8074.825522496748,8174.133297438649,8038.412671684733,,0,0,0,0,0,0,0,0,1,0,0,0,0,0,0,0,-51.860727,-0.638153,0.993618,False,,1.326688082423681,0_0.0,-1,0,0,0,0,155.858036,204.132648,8436.341222,False,0.0,0.0,3.0,0.0,2.094582958929976
2020-11-05,695,20201105,8059.377646394667,7900.485206487662,8102.411015536177,7897.174947322942,,0,0,0,0,0,0,0,0,0,0,0,0,0,0,0,0,-158.89244,-1.971522,0.980285,False,,1.326688082423681,0_0.0,-1,0,0,0,0,144.272129,187.516446,8424.577717,False,0.0,0.0,3.0,0.0,2.094582958929976
2020-11-06,696,20201106,7888.347589550312,7779.109037114248,7888.347589550338,7753.730383517998,,0,0,0,0,0,0,0,0,0,0,0,0,0,0,0,0,-109.238552,-1.384809,0.986152,False,,1.326688082423681,0_0.0,-1,0,0,0,0,159.720005,185.569234,8413.249808,False,0.0,0.0,3.0,0.0,2.094582958929976
2020-11-09,697,20201109,7810.004789318381,7889.451009271897,7898.278367044527,7683.111521337102,,0,0,0,0,0,0,0,0,0,0,0,0,0,0,0,0,79.44622,1.017237,1.010172,False,,1.326688082423681,0_0.0,-1,0,0,0,0,148.409953,186.802468,8403.837574,False,0.0,0.0,3.0,0.0,2.094582958929976
2020-11-10,698,20201110,7923.657020640759,8045.033190014182,8104.61785497933,7861.865516232494,,0,0,0,0,0,0,0,0,0,0,0,0,0,0,0,0,121.376169,1.53182,1.015318,False,,1.326688082423681,0_0.0,-1,0,0,0,0,175.719591,186.283212,8395.086348,False,0.0,0.0,3.0,0.0,2.094582958929976
2020-11-11,699,20201111,8035.102412519984,8166.409359387596,8198.408531313333,7891.65784871506,,0,0,0,0,0,0,0,0,0,0,0,1,0,0,0,0,131.306947,1.634166,1.016342,False,,1.326688082423681,0_0.0,-1,0,0,0,0,202.477519,187.711167,8388.956755,False,0.0,0.0,3.0,0.0,2.094582958929976
2020-11-12,700,20201112,8211.649567972223,8143.23754523449,8274.54449210211,8110.134953587206,,0,0,0,0,0,0,0,0,0,0,0,0,1,0,0,0,-68.412023,-0.833109,0.991669,False,,1.326688082423681,0_0.0,-1,0,0,0,0,227.856173,194.850942,8383.989395,False,0.0,0.0,3.0,0.0,2.094582958929976
2020-11-13,701,20201113,8144.340964956057,8048.343449178911,8188.477753819144,8036.205832241581,,0,0,0,0,0,0,0,0,0,0,0,0,0,0,0,0,-95.997516,-1.178702,0.988213,False,,1.326688082423681,0_0.0,-1,0,0,0,0,232.269852,194.331685,8377.876328,False,0.0,0.0,3.0,0.0,2.094582958929976
2020-11-16,702,20201116,8077.032361939891,8129.996508575571,8230.40770323905,8054.963967508382,,1,1,0,0,0,0,0,0,0,0,0,0,0,0,0,0,52.964147,0.655738,1.006557,False,,1.326688082423681,0_0.0,-1,0,0,0,0,216.546121,187.321725,8374.051442,False,0.0,0.0,3.0,0.0,2.094582958929976
2020-11-17,703,20201117,8139.927286069752,7957.863032009639,8174.13329743865,7931.380958691815,,1,1,0,0,0,0,0,0,0,0,0,0,0,0,0,0,-182.064254,-2.236682,0.977633,False,,1.326688082423681,0_0.0,-1,0,0,0,0,201.374099,189.593471,8367.19637,False,0.0,0.0,3.0,0.0,2.094582958929976
2020-11-18,704,20201118,7961.173291174361,7860.762096510908,7982.13826588434,7858.555257067766,,1,1,0,0,0,0,0,0,0,0,0,0,0,0,0,0,-100.411195,-1.261261,0.987387,False,,1.326688082423681,0_0.0,-1,0,0,0,0,185.374514,186.218305,8358.059588,False,0.0,0.0,3.0,0.0,2.094582958929976
2020-11-19,705,20201119,7874.003133169818,7920.346761476038,7953.449353123352,7825.452665420471,,0,1,0,0,0,0,0,0,0,0,0,0,0,0,0,0,46.343628,0.588565,1.005886,False,,1.326688082423681,0_0.0,-1,0,0,0,0,175.167881,180.701206,8352.249705,False,0.0,0.0,3.0,0.0,2.094582958929976
2020-11-20,706,20201120,7917.036502311302,7807.797949875236,7942.415155907587,7790.143234330023,,0,0,0,0,0,0,0,0,0,0,0,0,0,0,0,0,-109.238552,-1.379791,0.986202,False,,1.326688082423681,0_0.0,-1,0,0,0,0,169.099073,177.650575,8346.032889,False,0.0,0.0,3.0,0.0,2.094582958929976
2020-11-23,707,20201123,7817.728727369417,7897.174947322931,7928.070699527093,7780.212456835835,,0,0,0,0,0,0,0,0,0,0,0,0,0,0,0,0,79.44622,1.016231,1.010162,False,,1.326688082423681,0_0.0,-1,0,0,0,0,161.65099,177.715482,8339.808097,False,0.0,0.0,3.0,0.0,2.094582958929976
2020-11-24,708,20201124,7899.381786766077,7902.692045930813,8110.134953587214,7829.866344306777,,0,0,0,0,0,0,0,0,0,0,0,0,0,0,0,0,3.310259,0.041905,1.000419,False,,1.326688082423681,0_0.0,-1,0,0,0,0,137.927465,175.703364,8330.927584,False,0.0,0.0,3.0,0.0,2.094582958929976
2020-11-25,709,20201125,7883.933910664006,7825.452665420458,7955.656192566506,7819.935566812589,,0,0,0,0,0,0,0,0,0,0,0,0,0,0,0,0,-58.481245,-0.741777,0.992582,False,,1.326688082423681,0_0.0,-1,0,0,0,0,177.098865,183.751837,8311.937193,False,0.0,0.0,3.0,0.0,2.094582958929976
2020-11-26,710,20201126,7801.17743154577,7779.109037114245,7874.003133169845,7747.10986518854,,0,0,0,0,0,0,0,0,0,0,0,0,0,0,0,0,-22.068394,-0.282885,0.997171,False,,1.326688082423681,0_0.0,-1,0,0,0,0,179.02985,180.441578,8295.441112,False,0.0,0.0,3.0,0.0,2.094582958929976
2020-11-27,711,20201127,7779.10903711424,7706.283335490197,7801.177431545797,7697.455977717599,,0,0,0,0,0,0,0,0,0,0,0,0,0,0,0,0,-72.825702,-0.93617,0.990638,False,,1.326688082423681,0_0.0,-1,0,0,0,0,172.685187,181.674812,8276.78487,False,0.0,0.0,3.0,0.0,2.094582958929976
2020-11-30,712,20201130,7719.52437214911,7559.528512520524,7773.591938506385,7548.494315304773,,0,0,0,0,0,0,0,0,0,0,0,0,0,0,0,0,-159.99586,-2.072613,0.979274,False,,1.326688082423681,0_0.0,-1,0,0,0,0,161.650989,179.792508,8256.964783,False,0.0,0.0,3.0,0.0,2.094582958929976
2020-12-01,713,20201201,7567.252450571555,7557.32167307737,7669.870484678196,7519.805402543785,,0,0,0,0,0,0,0,0,0,0,0,0,0,0,0,0,-9.930777,-0.131234,0.998688,False,,1.326688082423681,0_0.0,-1,0,0,0,0,147.858243,180.960835,8237.100559,False,0.0,0.0,3.0,0.0,2.094582958929976
2020-12-02,714,20201202,7563.942191406825,7362.016382358332,7611.389239434641,7309.052235722676,,0,0,0,0,0,0,0,0,0,0,0,0,0,0,0,0,-201.925809,-2.669584,0.973304,False,,1.326688082423681,0_0.0,-1,0,0,0,0,151.444357,181.155556,8217.309478,False,0.0,0.0,3.0,0.0,2.094582958929976
2020-12-03,715,20201203,7414.980528994,7450.28996008445,7554.011413912664,7381.877937346724,,0,0,0,0,0,0,0,0,0,0,0,0,0,0,0,0,35.309431,0.47619,1.004762,False,,1.326688082423681,0_0.0,-1,0,0,0,0,195.305291,186.283212,8202.292569,False,0.0,0.0,3.0,0.0,2.094582958929976
2020-12-04,716,20201204,7453.600219249177,7371.947159852519,7476.77203340231,7323.39669210317,,0,0,0,0,0,0,0,0,0,0,0,0,0,0,0,0,-81.653059,-1.095485,0.989045,False,,1.326688082423681,0_0.0,-1,0,0,0,0,217.373685,183.297488,8187.043308,False,0.0,0.0,3.0,0.0,2.094582958929976
2020-12-07,717,20201207,7374.15399929567,7370.843740130943,7422.704467045062,7232.916274933898,,0,0,0,0,0,0,0,0,0,0,0,0,0,0,0,0,-3.310259,-0.04489,0.999551,False,,1.326688082423681,0_0.0,-1,0,0,0,0,199.443115,174.275409,8170.359602,False,0.0,0.0,3.0,0.0,2.094582958929976
2020-12-08,718,20201208,7370.84374013094,7283.6735821264,7409.463430386145,7269.329125745923,,0,0,0,0,0,0,0,0,0,0,0,0,0,0,0,0,-87.170158,-1.182635,0.988174,False,,1.326688082423681,0_0.0,-1,0,0,0,0,209.373892,175.768271,8152.131108,False,0.0,0.0,3.0,0.0,2.094582958929976
2020-12-09,719,20201209,7310.155655444234,7109.333266117315,7330.017210432638,7096.092229458414,,0,0,0,0,0,0,0,0,0,0,0,0,0,0,0,0,-200.822389,-2.74717,0.972528,False,,1.326688082423681,0_0.0,-1,0,0,0,0,168.823217,175.054294,8129.511004,False,0.0,0.0,3.0,0.0,2.094582958929976
2020-12-10,720,20201210,7110.436685838889,7003.404972845972,7128.09140138414,6954.854505096623,,0,0,0,0,0,0,0,0,0,0,0,0,0,0,0,0,-107.031713,-1.505276,0.984947,False,,1.326688082423681,0_0.0,-1,0,0,0,0,179.305705,178.104925,8107.266062,False,0.0,0.0,3.0,0.0,2.094582958929976
2020-12-11,721,20201211,7038.714403936418,7053.058860316914,7117.057204168375,7008.922071453871,,0,0,0,0,0,0,0,0,0,0,0,0,0,0,0,0,14.344456,0.203794,1.002038,False,,1.326688082423681,0_0.0,-1,0,0,0,0,184.271094,174.015781,8081.953614,False,0.0,0.0,3.0,0.0,2.094582958929976
2020-12-14,722,20201214,7061.886218089523,7113.74694500362,7227.399176326025,7056.369119481661,,0,0,0,0,0,0,0,0,0,0,0,0,0,0,0,0,51.860727,0.734375,1.007344,False,,1.326688082423681,0_0.0,-1,0,0,0,0,165.237103,173.431617,8059.752809,False,0.0,0.0,3.0,0.0,2.094582958929976
2020-12-15,723,20201215,7134.711919713571,7130.298240827267,7274.846224353814,7092.781970293685,,0,0,0,0,0,0,0,0,0,0,0,0,0,0,0,0,-4.413679,-0.061862,0.999381,False,,1.326688082423681,0_0.0,-1,0,0,0,0,173.788606,176.157713,8041.127084,False,0.0,0.0,3.0,0.0,2.094582958929976
2020-12-16,724,20201216,7119.378947962292,7144.493321551731,7199.089785876623,7015.64566574507,,0,0,0,0,0,0,0,0,0,0,0,0,0,0,0,0,25.114374,0.352761,1.003528,False,,1.326688082423681,0_0.0,-1,0,0,0,0,160.823424,177.910203,8021.41702,False,0.0,0.0,3.0,0.0,2.094582958929976
2020-12-17,725,20201217,7152.13682655721,7215.468725174055,7239.491169477023,7076.793705788918,,0,0,0,0,0,0,0,0,0,0,0,0,0,0,0,0,63.331899,0.885496,1.008855,False,,1.326688082423681,0_0.0,-1,0,0,0,0,163.37523,180.00349,8000.279642,False,0.0,0.0,3.0,0.0,2.094582958929976
2020-12-18,726,20201218,7251.502391628463,7280.984482363892,7361.787249564719,7206.733290882095,,0,0,0,0,0,0,0,0,0,0,0,0,0,0,0,0,29.482091,0.406565,1.004066,False,,1.326688082423681,0_0.0,-1,0,0,0,0,175.636539,173.087541,7968.734261,False,0.0,0.0,3.0,0.0,2.094582958929976
2020-12-21,727,20201221,7305.006926666829,7334.489017402259,7397.820916019129,7148.861038697739,,0,0,0,0,0,0,0,0,0,0,0,0,0,0,0,0,29.482091,0.403587,1.004036,False,,1.326688082423681,0_0.0,-1,0,0,0,0,170.814949,174.224795,7935.721106,False,0.0,0.0,3.0,0.0,2.094582958929976
2020-12-22,728,20201222,7334.489017402256,7273.340977358411,7403.280562451616,7215.468725174073,,0,0,0,0,0,0,0,0,0,0,0,0,0,0,0,0,-61.14804,-0.833706,0.991663,False,,1.326688082423681,0_0.0,-1,0,0,0,0,187.538855,181.405184,7899.587107,False,0.0,0.0,3.0,0.0,2.094582958929976
2020-12-23,729,20201223,7273.340977358408,7132.482099400261,7310.466573099346,7101.908079378355,,1,0,0,0,0,0,0,0,0,0,0,0,0,0,0,0,-140.858878,-1.936646,0.980634,False,,1.326688082423681,0_0.0,-1,0,0,0,0,188.630784,186.351677,7861.89383,False,0.0,0.0,3.0,0.0,2.094582958929976
2020-12-24,730,20201224,7184.894705152128,7168.515765854671,7201.273644449617,7082.253352221404,,1,0,0,0,0,0,0,0,0,0,0,0,0,0,0,0,-16.378939,-0.227964,0.99772,False,,1.326688082423681,0_0.0,-1,0,0,0,0,200.096042,185.378787,7822.890934,False,0.0,0.0,3.0,0.0,2.094582958929976
2020-12-25,731,20201225,7190.354351584614,7380.350047435145,7424.027218895064,7182.710846579154,,1,1,1,1,0,0,0,0,0,1,0,0,0,0,0,0,189.995696,2.642369,1.026424,False,,1.326688082423681,0_0.0,-1,0,0,0,0,191.087625,183.552623,7789.890195,False,0.0,0.0,3.0,0.0,2.094582958929976
2020-12-28,732,20201228,7360.69532027819,7374.890401002658,7457.87702677648,7320.293936677813,,1,1,1,1,0,0,0,0,0,1,0,0,0,0,0,0,14.195081,0.19285,1.001928,False,,1.326688082423681,0_0.0,-1,0,0,0,0,192.725519,180.798179,7757.023015,False,0.0,0.0,3.0,0.0,2.094582958929976
2020-12-29,733,20201229,7373.798471716157,7183.802775865633,7419.659501749075,7173.975412287175,,0,1,1,1,0,0,0,0,0,0,0,0,0,0,0,0,-189.995696,-2.576633,0.974234,False,,1.326688082423681,0_0.0,-1,0,0,0,0,180.168332,177.597477,7719.605826,False,0.0,0.0,3.0,0.0,2.094582958929976
2020-12-30,734,20201230,7184.894705152127,7215.468725174054,7267.881330925952,7158.688402276214,,1,1,1,1,0,0,0,0,0,1,0,0,0,0,0,0,30.57402,0.425532,1.004255,False,,1.326688082423681,0_0.0,-1,0,0,0,0,189.449731,183.027403,7687.125293,False,0.0,0.0,3.0,0.0,2.094582958929976
2020-12-31,735,20201231,7206.733290882074,7251.502391628464,7294.087633801887,7181.618917292657,,1,1,1,1,0,0,0,0,0,1,0,0,0,0,0,0,44.769101,0.621212,1.006212,False,,1.326688082423681,0_0.0,-1,0,0,0,0,186.99289,178.286505,7656.446784,False,0.0,0.0,3.0,0.0,2.094582958929976
2021-01-04,736,20210104,7239.491169476993,7054.955120058953,7294.087633801887,7028.748817183036,,0,1,0,1,0,0,0,0,0,1,0,0,0,0,0,0,-184.536049,-2.54902,0.97451,False,,1.326688082423681,0_0.0,-1,0,0,0,0,151.232206,176.659118,7627.486839,False,0.0,0.0,3.0,0.0,2.094582958929976
2021-01-05,737,20210105,7054.955120058951,6919.55588853329,7084.437210794408,6898.809232089859,,0,0,0,0,0,0,0,0,0,0,0,0,0,0,0,0,-135.399232,-1.919208,0.980808,False,,1.326688082423681,0_0.0,-1,0,0,0,0,183.171138,178.50699,7599.349852,False,0.0,0.0,3.0,0.0,2.094582958929976
2021-01-06,738,20210106,6919.555888533288,6921.739747106285,6966.508847852701,6884.614151365394,,0,0,0,0,0,0,0,0,0,0,0,0,0,0,0,0,2.183859,0.031561,1.000316,False,,1.326688082423681,0_0.0,-1,0,0,0,0,168.157111,179.235878,7573.838545,False,0.0,0.0,3.0,0.0,2.094582958929976
2021-01-07,739,20210107,6922.83167639278,6963.233059993181,7005.818302166604,6792.892091299622,,0,0,0,0,0,0,0,0,0,0,0,0,0,0,0,0,40.401384,0.583596,1.005836,False,,1.326688082423681,0_0.0,-1,0,0,0,0,161.332552,177.367787,7548.605394,False,0.0,0.0,3.0,0.0,2.094582958929976
2021-01-08,740,20210108,6953.405696414704,6911.912383527809,6998.174797161122,6861.683636348951,,0,0,0,0,0,0,0,0,0,0,0,0,0,0,0,0,-41.493313,-0.596734,0.994033,False,,1.326688082423681,0_0.0,-1,0,0,0,0,186.446926,179.637546,7524.508532,False,0.0,0.0,3.0,0.0,2.094582958929976
2021-01-11,741,20210111,6879.154504932889,6594.160961157098,6884.614151365404,6562.495011848695,,0,0,0,0,0,0,0,0,0,0,0,0,0,0,0,0,-284.993544,-4.142857,0.958571,False,,1.326688082423681,0_0.0,-1,0,0,0,0,154.235012,176.956776,7493.968368,False,0.0,0.0,3.0,0.0,2.094582958929976
2021-01-12,742,20210112,6594.160961157098,6595.252890443596,6657.492859773968,6572.32237542717,,0,0,0,0,0,0,0,0,0,0,0,0,0,0,0,0,1.091929,0.016559,1.000166,False,,1.326688082423681,0_0.0,-1,0,0,0,0,195.18236,186.719908,7464.840352,False,0.0,0.0,3.0,0.0,2.094582958929976
2021-01-13,743,20210113,6598.528678303087,6642.205849762979,6691.342667655384,6518.817840388803,,0,0,0,0,0,0,0,0,0,0,0,0,0,0,0,0,43.677171,0.661923,1.006619,False,,1.326688082423681,0_0.0,-1,0,0,0,0,196.001307,182.159497,7435.172812,False,0.0,0.0,3.0,0.0,2.094582958929976
2021-01-14,744,20210114,6634.562344757497,6542.840284691726,6710.997394812334,6535.196779686263,,0,0,0,0,0,0,0,0,0,0,0,0,0,0,0,0,-91.72206,-1.382488,0.986175,False,,1.326688082423681,0_0.0,-1,0,0,0,0,185.900961,183.187196,7404.533108,False,0.0,0.0,3.0,0.0,2.094582958929976
2021-01-15,745,20210115,6543.932213978223,6557.035365416191,6646.573566908995,6483.87610322089,,0,0,0,0,0,0,0,0,0,0,0,0,0,0,0,0,13.103151,0.200234,1.002002,False,,1.326688082423681,0_0.0,-1,0,0,0,0,195.728324,178.88371,7377.664111,False,0.0,0.0,3.0,0.0,2.094582958929976
2021-01-18,746,20210118,6567.954658281164,6828.925757754014,6937.026757117274,6567.954658281181,,0,0,0,0,0,0,0,0,0,0,0,0,0,0,0,0,260.971099,3.9734,1.039734,False,,1.326688082423681,0_0.0,-1,0,0,0,0,149.048348,177.406394,7358.660445,False,0.0,0.0,3.0,0.0,2.094582958929976
2021-01-19,747,20210119,6845.304697051473,6750.30684912621,6873.694858500431,6732.835980542271,,0,0,0,0,0,0,0,0,0,0,0,0,0,0,0,0,-94.997848,-1.387781,0.986122,False,,1.326688082423681,0_0.0,-1,0,0,0,0,222.753575,187.490682,7335.877562,False,0.0,0.0,3.0,0.0,2.094582958929976
2021-01-20,748,20210120,6769.961576283161,6753.582636985702,6866.05135349495,6725.192475536791,,0,0,0,0,0,0,0,0,0,0,0,0,0,0,0,0,-16.378939,-0.241935,0.997581,False,,1.326688082423681,0_0.0,-1,0,0,0,0,214.837087,188.775304,7310.048551,False,0.0,0.0,3.0,0.0,2.094582958929976
2021-01-21,749,20210121,6764.501929850674,6632.378486184503,6840.936979905511,6608.356041881581,,0,0,0,0,0,0,0,0,0,0,0,0,0,0,0,0,-132.123444,-1.953188,0.980468,False,,1.326688082423681,0_0.0,-1,0,0,0,0,206.101653,182.031035,7279.367934,False,0.0,0.0,3.0,0.0,2.094582958929976
2021-01-22,750,20210122,6628.010769038513,6601.80446616258,6637.838132617016,6558.127294702706,,0,0,0,0,0,0,0,0,0,0,0,0,0,0,0,0,-26.206303,-0.395387,0.996046,False,,1.326688082423681,0_0.0,-1,0,0,0,0,223.572521,187.619144,7248.539272,False,0.0,0.0,3.0,0.0,2.094582958929976
2021-01-25,751,20210125,6638.930061903486,6596.344819730094,6674.963728357923,6573.414304713669,,1,0,0,0,0,0,0,0,0,0,0,0,0,0,0,0,-42.585242,-0.641447,0.993586,False,,1.326688082423681,0_0.0,-1,0,0,0,0,148.502383,177.856012,7219.499299,False,0.0,0.0,3.0,0.0,2.094582958929976
2021-01-26,752,20210126,6551.575718983703,6612.723759027553,6704.44581909335,6518.817840388805,,0,0,0,0,0,0,0,0,0,0,0,0,0,0,0,0,61.14804,0.933333,1.009333,False,,1.326688082423681,0_0.0,-1,0,0,0,0,138.675019,177.406394,7189.153844,False,0.0,0.0,3.0,0.0,2.094582958929976
2021-01-27,753,20210127,6638.930061903486,6617.091476173542,6669.504081925436,6578.873951146156,,0,0,0,0,0,0,0,0,0,0,0,0,0,0,0,0,-21.838586,-0.328947,0.996711,False,,1.326688082423681,0_0.0,-1,0,0,0,0,149.867295,181.70988,7162.338413,False,0.0,0.0,3.0,0.0,2.094582958929976
2021-01-28,754,20210128,6605.08025402207,6612.723759027554,6649.849354768486,6496.979254658861,,0,0,0,0,0,0,0,0,0,0,0,0,0,0,0,0,7.643505,0.115722,1.001157,False,,1.326688082423681,0_0.0,-1,0,0,0,0,114.379593,171.432898,7137.377647,False,0.0,0.0,3.0,0.0,2.094582958929976
2021-01-29,755,20210129,6635.654274043995,6613.81568831405,6670.596011211935,6600.712536876103,,0,0,0,0,0,0,0,0,0,0,0,0,0,0,0,0,-21.838586,-0.32911,0.996709,False,,1.326688082423681,0_0.0,-1,0,0,0,0,132.669409,169.505964,7111.247025,False,0.0,0.0,3.0,0.0,2.094582958929976
2021-02-01,756,20210201,6645.48163762247,6724.100546250275,6767.777717710193,6606.172183308589,,0,0,0,0,0,0,0,0,0,1,0,0,0,0,0,0,78.618909,1.183043,1.01183,False,,1.326688082423681,0_0.0,-1,0,0,0,0,124.752921,168.799422,7089.573077,False,0.0,0.0,3.0,0.0,2.094582958929976
2021-02-02,757,20210202,6737.203697688242,6657.492859773942,6769.961576283188,6650.941284054978,,0,0,0,0,0,0,0,0,0,1,0,0,0,0,0,0,-79.710838,-1.183144,0.988169,False,,1.326688082423681,0_0.0,-1,0,0,0,0,118.74731,165.780558,7064.779435,False,0.0,0.0,3.0,0.0,2.094582958929976
2021-02-03,758,20210203,6646.573566908968,6581.057809719133,6647.665496195492,6560.311153275704,,0,0,0,0,0,0,0,0,0,0,0,0,0,0,0,0,-65.515757,-0.985707,0.990143,False,,1.326688082423681,0_0.0,-1,0,0,0,0,125.84485,164.75286,7038.346751,False,0.0,0.0,3.0,0.0,2.094582958929976
2021-02-04,759,20210204,6581.057809719131,6560.311153275684,6606.172183308595,6541.748355405251,,0,0,0,0,0,0,0,0,0,1,0,0,0,0,0,0,-20.746656,-0.315248,0.996848,False,,1.326688082423681,0_0.0,-1,0,0,0,0,111.922752,149.915468,7013.04392,False,0.0,0.0,3.0,0.0,2.094582958929976
2021-02-05,760,20210205,6563.586941135174,6596.344819730094,6682.607233363405,6551.575718983726,,0,0,0,0,0,0,0,0,0,1,0,0,0,0,0,0,32.757879,0.499085,1.004991,False,,1.326688082423681,0_0.0,-1,0,0,0,0,110.55784,148.695076,6989.388636,False,0.0,0.0,3.0,0.0,2.094582958929976
2021-02-08,761,20210208,6617.091476173541,6617.091476173542,6697.894243374367,6586.51745615164,,0,0,0,0,0,0,0,0,0,0,1,0,0,0,0,0,0.0,0.0,1.0,False,,1.326688082423681,0_0.0,-1,0,0,0,0,102.914335,146.254293,6967.604799,False,0.0,0.0,3.0,0.0,2.094582958929976
2021-02-09,762,20210209,6617.091476173541,6611.631829741056,6658.584789060465,6573.414304713671,,0,0,0,0,0,0,0,0,0,0,1,0,0,0,0,0,-5.459646,-0.082508,0.999175,False,,1.326688082423681,0_0.0,-1,0,0,0,0,101.003459,142.464656,6948.646865,False,0.0,0.0,3.0,0.0,2.094582958929976
2021-02-10,763,20210210,6623.643051892525,6735.019839115249,6744.847202693751,6623.643051892546,,0,0,0,0,0,0,0,0,0,0,1,0,0,0,0,0,111.376787,1.681503,1.016815,False,,1.326688082423681,0_0.0,-1,0,0,0,0,98.000653,137.904246,6932.200828,False,0.0,0.0,3.0,0.0,2.094582958929976
2021-02-18,764,20210218,6735.019839115248,6643.297779049477,6787.432444867145,6586.517456151639,,1,0,1,0,0,0,0,0,0,1,1,0,0,0,0,0,-91.72206,-1.361868,0.986381,False,,1.326688082423681,0_0.0,-1,0,0,0,0,115.198539,123.388009,6917.826456,False,0.0,0.0,3.0,0.0,2.094582958929976
2021-02-19,765,20210219,6645.481637622472,6880.246434219387,6933.750969257782,6645.481637622493,,1,1,1,1,1,0,0,0,0,1,1,0,0,0,0,0,234.764797,3.532698,1.035327,False,,1.326688082423681,0_0.0,-1,0,0,0,0,132.669408,126.920722,6906.425586,False,0.0,0.0,3.0,0.0,2.094582958929976
2021-02-22,766,20210222,6879.154504932891,6793.984020586102,6913.004312814333,6750.306849126232,,1,1,1,1,1,0,0,0,0,1,0,1,0,0,0,0,-85.170484,-1.238095,0.987619,False,,1.326688082423681,0_0.0,-1,0,0,0,0,177.438509,135.720387,6894.866323,False,0.0,0.0,3.0,0.0,2.094582958929976
2021-02-23,767,20210223,6775.421222715649,6839.845050618987,6966.5088478527,6775.42122271567,,1,1,1,1,1,0,1,0,0,1,1,1,0,0,0,0,64.423828,0.950846,1.009508,False,,1.326688082423681,0_0.0,-1,0,0,0,0,196.820254,131.609595,6884.246349,False,0.0,0.0,3.0,0.0,2.094582958929976
2021-02-24,768,20210224,6842.028909191983,6648.757425481963,6867.143282781447,6638.930061903508,,1,1,1,1,1,0,1,0,0,1,0,1,0,0,0,0,-193.271484,-2.824769,0.971752,False,,1.326688082423681,0_0.0,-1,0,0,0,0,211.288317,138.16117,6871.548026,False,0.0,0.0,3.0,0.0,2.094582958929976
2021-02-25,769,20210225,6671.687940498407,6640.021991189985,6726.284404823296,6617.091476173563,,1,1,1,1,1,0,1,0,0,1,1,1,0,0,0,0,-31.665949,-0.474632,0.995254,False,,1.326688082423681,0_0.0,-1,0,0,0,0,218.112875,145.611982,6862.161801,False,0.0,0.0,3.0,0.0,2.094582958929976
2021-02-26,770,20210226,6595.252890443597,6589.79324401111,6714.273182671826,6551.575718983726,,1,1,1,1,1,0,1,0,0,0,0,1,0,0,0,0,-5.459646,-0.082781,0.999172,False,,1.326688082423681,0_0.0,-1,0,0,0,0,172.79781,141.115802,6853.889566,False,0.0,0.0,3.0,0.0,2.094582958929976
2021-03-01,771,20210301,6587.609385438115,6237.100084472487,6623.643051892552,6237.100084472508,,0,0,0,1,0,0,1,0,0,0,0,0,0,0,0,0,-350.509301,-5.320736,0.946793,False,,1.326688082423681,0_0.0,-1,0,0,0,0,172.79781,145.355057,6837.570391,False,0.0,0.0,3.0,0.0,2.094582958929976
2021-03-02,772,20210302,6245.835518764465,6177.043973715136,6273.133750926921,6144.286095120238,,0,0,0,0,0,0,0,0,0,0,0,0,0,0,0,0,-68.791545,-1.101399,0.988986,False,,1.326688082423681,0_0.0,-1,0,0,0,0,221.661645,159.10052,6818.836331,False,0.0,0.0,3.0,0.0,2.094582958929976
2021-03-03,773,20210303,6207.617993737061,6180.319761574628,6237.10008447251,6158.481175844703,,0,0,0,0,0,0,0,0,0,0,0,0,0,0,0,0,-27.298232,-0.439754,0.995602,False,,1.326688082423681,0_0.0,-1,0,0,0,0,196.820254,162.569001,6799.836762,False,0.0,0.0,3.0,0.0,2.094582958929976
2021-03-04,774,20210304,6138.826448687731,6049.288247194953,6210.893781596576,6034.001237184013,,0,0,0,0,0,0,0,0,0,0,0,0,0,0,0,0,-89.538201,-1.458556,0.985414,False,,1.326688082423681,0_0.0,-1,0,0,0,0,189.176749,157.687435,6777.93266,False,0.0,0.0,3.0,0.0,2.094582958929976
2021-03-05,775,20210305,6051.472105767949,6098.425065087331,6186.871337293635,6025.265802892035,,0,0,0,0,0,0,0,0,0,0,0,0,0,0,0,0,46.952959,0.775893,1.007759,False,,1.326688082423681,0_0.0,-1,0,0,0,0,192.725519,161.091685,6755.591787,False,0.0,0.0,3.0,0.0,2.094582958929976
2021-03-08,776,20210308,6114.804004384791,5900.785864231322,6145.378024406739,5896.418147085355,,0,0,0,0,0,0,0,0,0,0,0,0,0,0,0,0,-214.01814,-3.5,0.965,False,,1.326688082423681,0_0.0,-1,0,0,0,0,136.491161,164.881322,6727.987815,False,0.0,0.0,3.0,0.0,2.094582958929976
2021-03-09,777,20210309,5876.763419928384,5883.314995647365,5947.738823550731,5852.740975625464,,0,0,0,0,0,0,0,0,0,0,0,0,0,0,0,0,6.551576,0.111483,1.001115,False,,1.326688082423681,0_0.0,-1,0,0,0,0,166.519216,175.736384,6698.964334,False,0.0,0.0,3.0,0.0,2.094582958929976
2021-03-10,778,20210310,5905.153581377313,5857.10869277143,5951.014611410223,5789.409077008621,,0,0,0,0,0,0,0,0,0,0,0,0,0,0,0,0,-48.044889,-0.813609,0.991864,False,,1.326688082423681,0_0.0,-1,0,0,0,0,170.613951,173.616757,6670.639688,False,0.0,0.0,3.0,0.0,2.094582958929976
2021-03-11,779,20210311,5861.476409917422,5883.314995647365,5935.72760139926,5857.108692771453,,0,0,0,0,0,0,0,0,0,0,0,0,0,0,0,0,21.838586,0.372578,1.003726,False,,1.326688082423681,0_0.0,-1,0,0,0,0,166.792198,176.571389,6645.656346,False,0.0,0.0,3.0,0.0,2.094582958929976
2021-03-12,780,20210312,5875.671490641887,5838.545894900976,5971.761267853672,5825.442743463032,,0,0,0,0,0,0,0,0,0,0,0,0,0,0,0,0,-37.125596,-0.631853,0.993681,False,,1.326688082423681,0_0.0,-1,0,0,0,0,146.045542,176.186002,6619.056949,False,0.0,0.0,3.0,0.0,2.094582958929976
2021-03-15,781,20210315,5847.281329192957,5837.453965614479,5932.451813539769,5810.155733452069,,0,0,0,0,0,0,0,0,0,0,0,0,0,0,0,0,-9.827364,-0.168067,0.998319,False,,1.326688082423681,0_0.0,-1,0,0,0,0,120.385204,176.956776,6588.199027,False,0.0,0.0,3.0,0.0,2.094582958929976
2021-03-16,782,20210316,5868.027985636405,5863.660268490414,5901.877793517846,5830.902389895518,,0,0,0,0,0,0,0,0,0,0,0,0,0,0,0,0,-4.367717,-0.074432,0.999256,False,,1.326688082423681,0_0.0,-1,0,0,0,0,127.209762,172.332134,6557.974425,False,0.0,0.0,3.0,0.0,2.094582958929976
2021-03-17,783,20210317,5890.958500652848,5736.996471256729,5918.256732815305,5733.72068339726,,0,0,0,0,0,0,0,0,0,0,0,0,0,0,0,0,-153.962029,-2.613531,0.973865,False,,1.326688082423681,0_0.0,-1,0,0,0,0,104.552229,159.421676,6529.038299,False,0.0,0.0,3.0,0.0,2.094582958929976
2021-03-18,784,20210318,5736.996471256731,5778.489784143625,5787.22521843563,5623.435825461033,,0,0,0,0,0,0,0,0,0,0,0,0,0,0,0,0,41.493313,0.723258,1.007233,False,,1.326688082423681,0_0.0,-1,0,0,0,0,131.031514,160.706298,6500.29872,False,0.0,0.0,3.0,0.0,2.094582958929976
2021-03-19,785,20210319,5787.225218435606,5648.550199050448,5787.22521843563,5638.722835471995,,0,0,0,0,0,0,0,0,0,0,0,0,0,0,0,0,-138.675019,-2.396226,0.976038,False,,1.326688082423681,0_0.0,-1,0,0,0,0,135.399231,159.10052,6468.239676,False,0.0,0.0,3.0,0.0,2.094582958929976
2021-03-22,786,20210322,5623.435825461012,5393.038746010084,5625.619684034032,5367.924372420668,,0,0,0,0,0,0,0,0,0,0,0,0,0,0,0,0,-230.397079,-4.097087,0.959029,False,,1.326688082423681,0_0.0,-1,0,0,0,0,141.950807,154.411647,6435.001348,False,0.0,0.0,3.0,0.0,2.094582958929976
2021-03-23,787,20210323,5415.969261026528,5506.599391805801,5533.89762396826,5409.417685307565,,0,0,0,0,0,0,0,0,0,0,0,0,0,0,0,0,90.630131,1.673387,1.016734,False,,1.326688082423681,0_0.0,-1,0,0,0,0,194.363413,164.495935,6406.742218,False,0.0,0.0,3.0,0.0,2.094582958929976
2021-03-24,788,20210324,5514.242896811284,5556.828138984676,5611.424603309567,5494.588169654354,,0,0,0,0,0,0,0,0,0,0,0,0,0,0,0,0,42.585242,0.772277,1.007723,False,,1.326688082423681,0_0.0,-1,0,0,0,0,183.44412,163.211313,6379.443986,False,0.0,0.0,3.0,0.0,2.094582958929976
2021-03-25,789,20210325,5549.184633979197,5602.689169017562,5633.263189039512,5514.242896811305,,0,0,0,0,0,0,0,0,0,0,0,0,0,0,0,0,53.504535,0.964187,1.009642,False,,1.326688082423681,0_0.0,-1,0,0,0,0,171.705881,147.346223,6352.233108,False,0.0,0.0,3.0,0.0,2.094582958929976
2021-03-26,790,20210326,5609.153455185871,5430.000381378483,5631.316722048666,5424.459564662814,,0,0,0,0,0,0,0,0,0,0,0,0,0,0,0,0,-179.153074,-3.193941,0.968061,False,,1.326688082423681,0_0.0,-1,0,0,0,0,164.335358,146.768142,6322.594868,False,0.0,0.0,3.0,0.0,2.094582958929976
2021-03-29,791,20210329,5434.617728641563,5623.928966427715,5659.020805627127,5386.597317105583,,0,0,0,0,0,0,0,0,0,0,0,0,0,0,0,0,189.311238,3.483432,1.034834,False,,1.326688082423681,0_0.0,-1,0,0,0,0,145.89319,154.311569,6303.190229,False,0.0,0.0,3.0,0.0,2.094582958929976
2021-03-30,792,20210330,5623.928966427718,5454.934056599099,5631.316722048666,5448.469770430814,,0,0,0,0,0,0,0,0,0,0,0,0,0,0,0,0,-168.99491,-3.004926,0.969951,False,,1.326688082423681,0_0.0,-1,0,0,0,0,178.784343,159.931036,6280.383852,False,0.0,0.0,3.0,0.0,2.094582958929976
2021-03-31,793,20210331,5440.158545357255,5326.571802685559,5475.250384556664,5242.536082497581,,0,0,0,0,0,0,0,0,0,0,0,0,0,0,0,0,-113.586743,-2.087931,0.979121,False,,1.326688082423681,0_0.0,-1,0,0,0,0,195.286972,161.180531,6254.071171,False,0.0,0.0,3.0,0.0,2.094582958929976
2021-04-01,794,20210401,5353.352416811409,5387.520786558175,5448.469770430818,5294.250371844044,,0,0,0,0,0,0,0,0,0,0,0,0,0,0,0,0,34.16837,0.638261,1.006383,False,,1.326688082423681,0_0.0,-1,0,0,0,0,223.710475,160.224909,6230.964781,False,0.0,0.0,3.0,0.0,2.094582958929976
2021-04-02,795,20210402,5387.520786558178,5368.127928053252,5414.301400684049,5295.17384129666,,0,0,0,0,0,0,0,0,0,0,0,0,0,0,0,0,-19.392859,-0.359959,0.9964,False,,1.326688082423681,0_0.0,-1,0,0,0,0,210.551036,163.70853,6207.186632,False,0.0,0.0,3.0,0.0,2.094582958929976
2021-04-06,796,20210406,5293.326902391408,5235.148326876636,5369.97486695851,5183.434037530197,,0,0,0,0,0,0,0,0,0,0,0,0,0,0,0,0,-58.178576,-1.099093,0.989009,False,,1.326688082423681,0_0.0,-1,0,0,0,0,172.227053,161.209825,6175.311084,False,0.0,0.0,3.0,0.0,2.094582958929976
2021-04-07,797,20210407,5249.000368665869,5307.178944180636,5333.959558306509,5232.377918518813,,0,0,0,0,0,0,0,0,0,0,0,0,0,0,0,0,58.178576,1.108374,1.011084,False,,1.326688082423681,0_0.0,-1,0,0,0,0,173.150522,167.558174,6146.448525,False,0.0,0.0,3.0,0.0,2.094582958929976
2021-04-08,798,20210408,5309.949352538485,5435.541198094174,5531.582021166203,5283.16873841266,,0,0,0,0,0,0,0,0,0,0,0,0,0,0,0,0,125.591846,2.365217,1.023652,False,,1.326688082423681,0_0.0,-1,0,0,0,0,140.367357,164.926592,6120.087697,False,0.0,0.0,3.0,0.0,2.094582958929976
2021-04-09,799,20210409,5443.852423167717,5323.801394327712,5478.02079291451,5323.801394327737,,0,0,0,0,0,0,0,0,0,0,0,0,0,0,0,0,-120.051029,-2.205259,0.977947,False,,1.326688082423681,0_0.0,-1,0,0,0,0,163.915828,172.345251,6093.916155,False,0.0,0.0,3.0,0.0,2.094582958929976
2021-04-12,800,20210412,5374.592214221562,5492.796304156328,5530.658551713587,5346.888130643122,,0,0,0,0,0,0,0,0,0,0,0,0,0,0,0,0,118.20409,2.199313,1.021993,False,,1.326688082423681,0_0.0,-1,0,0,0,0,172.688788,177.241957,6071.735992,False,0.0,0.0,3.0,0.0,2.094582958929976
2021-04-13,801,20210413,5485.408548535409,5574.985085439097,5592.531005038818,5327.495272138199,,0,0,0,0,0,0,0,0,0,1,0,0,0,0,0,0,89.576537,1.632997,1.01633,False,,1.326688082423681,0_0.0,-1,0,0,0,0,177.76787,178.554963,6051.308797,False,0.0,0.0,3.0,0.0,2.094582958929976
2021-04-14,802,20210414,5466.939159483101,5443.852423167712,5509.418754303432,5402.296297800046,,0,1,0,0,0,0,0,0,0,0,0,0,0,0,0,0,-23.086736,-0.422297,0.995777,False,,1.326688082423681,0_0.0,-1,0,0,0,0,218.631393,184.51063,6027.93137,False,0.0,0.0,3.0,0.0,2.094582958929976
2021-04-15,803,20210415,5443.852423167717,5424.459564662789,5489.102426345894,5346.888130643122,,1,1,0,0,0,0,0,0,0,0,0,0,0,0,0,0,-19.392859,-0.356234,0.996438,False,,1.326688082423681,0_0.0,-1,0,0,0,0,199.700269,185.93336,6004.078732,False,0.0,0.0,3.0,0.0,2.094582958929976
2021-04-16,804,20210416,5434.617728641563,5406.913645063096,5474.326915104048,5389.36772546343,,1,1,0,0,0,0,0,0,0,0,0,0,0,0,0,0,-27.704084,-0.509771,0.994902,False,,1.326688082423681,0_0.0,-1,0,0,0,0,196.698994,177.791505,5979.96253,False,0.0,0.0,3.0,0.0,2.094582958929976
2021-04-19,805,20210419,5349.658539000948,5236.071796329249,5358.893233527124,5217.602407276968,,1,1,0,0,0,0,0,0,0,0,0,0,0,0,0,0,-113.586743,-2.123252,0.978767,False,,1.326688082423681,0_0.0,-1,0,0,0,0,166.224502,174.503288,5952.407652,False,0.0,0.0,3.0,0.0,2.094582958929976
2021-04-20,806,20210420,5212.98506001387,5205.597304392941,5260.082002097277,5189.898323698506,,0,1,0,0,0,0,0,0,0,0,0,0,0,0,0,0,-7.387756,-0.141718,0.998583,False,,1.326688082423681,0_0.0,-1,0,0,0,0,147.293378,178.766512,5922.037587,False,0.0,0.0,3.0,0.0,2.094582958929976
2021-04-21,807,20210421,5173.275873551408,5296.097310749248,5340.423844474816,5127.102400920659,,0,0,0,0,0,0,0,0,0,0,0,0,0,0,0,0,122.821437,2.374152,1.023742,False,,1.326688082423681,0_0.0,-1,0,0,0,0,121.667101,175.89377,5894.809676,False,0.0,0.0,3.0,0.0,2.094582958929976
2021-04-22,808,20210422,5296.097310749255,5431.84732028371,5432.770789736355,5273.934043886507,,0,0,0,1,0,0,0,0,0,1,0,0,0,0,0,0,135.75001,2.563208,1.025632,False,,1.326688082423681,0_0.0,-1,0,0,0,0,139.443888,176.274022,5871.825466,False,0.0,0.0,3.0,0.0,2.094582958929976
2021-04-23,809,20210423,5421.689156304948,5390.291194916018,5509.418754303433,5370.898336411124,,0,0,0,0,0,0,0,0,0,1,0,0,0,0,0,0,-31.397961,-0.579118,0.994209,False,,1.326688082423681,0_0.0,-1,0,0,0,0,157.913276,169.592449,5848.425067,False,0.0,0.0,3.0,0.0,2.094582958929976
2021-04-26,810,20210426,5368.127928053255,5250.847307571094,5419.842217399741,5249.000368665892,,0,0,0,0,0,0,0,0,0,0,0,0,0,0,0,0,-117.28062,-2.184758,0.978152,False,,1.326688082423681,0_0.0,-1,0,0,0,0,145.215572,166.985006,5821.515117,False,0.0,0.0,3.0,0.0,2.094582958929976
2021-04-27,811,20210427,5250.847307571101,5291.479963486172,5337.653436116971,5250.847307571123,,0,0,0,0,0,0,0,0,0,1,0,0,0,0,0,0,40.632656,0.77383,1.007738,False,,1.326688082423681,0_0.0,-1,0,0,0,0,170.380114,163.34545,5795.002887,False,0.0,0.0,3.0,0.0,2.094582958929976
2021-04-28,812,20210428,5294.250371844024,5288.709555128326,5337.653436116971,5266.546288265584,,0,0,0,0,0,0,0,0,0,0,0,0,0,0,0,0,-5.540817,-0.104657,0.998953,False,,1.326688082423681,0_0.0,-1,0,0,0,0,138.751285,159.379963,5768.544441,False,0.0,0.0,3.0,0.0,2.094582958929976
2021-04-29,813,20210429,5299.791188559716,5272.087104981249,5373.668744768971,5241.612613044968,,0,0,0,0,0,0,0,0,0,0,0,0,0,0,0,0,-27.704084,-0.522739,0.994773,False,,1.326688082423681,0_0.0,-1,0,0,0,0,116.818886,156.555233,5739.285786,False,0.0,0.0,3.0,0.0,2.094582958929976
2021-04-30,814,20210430,5272.087104981254,5277.627921696941,5309.025883085893,5221.29628508743,,0,0,0,0,0,0,0,0,0,0,0,0,0,0,0,0,5.540817,0.105097,1.001051,False,,1.326688082423681,0_0.0,-1,0,0,0,0,115.202814,153.350251,5711.972389,False,0.0,0.0,3.0,0.0,2.094582958929976
2021-05-06,815,20210506,5319.184047064639,5183.434037530171,5336.729966664355,5149.265667783429,,0,0,0,0,0,0,0,0,0,0,0,0,0,0,0,0,-135.75001,-2.552083,0.974479,False,,1.326688082423681,0_0.0,-1,0,0,0,0,94.424752,152.535425,5678.036141,False,0.0,0.0,3.0,0.0,2.094582958929976
2021-05-07,816,20210507,5183.434037530177,5293.326902391402,5334.883027759124,5181.587098624968,,0,0,0,0,0,0,0,0,0,0,1,0,0,0,0,0,109.892865,2.120078,1.021201,False,,1.326688082423681,0_0.0,-1,0,0,0,0,119.589294,148.950191,5648.022999,False,0.0,0.0,3.0,0.0,2.094582958929976
2021-05-10,817,20210510,5337.653436116947,5315.490169254172,5400.449358894817,5264.699349360354,,0,0,0,0,0,0,0,0,0,0,1,0,0,0,0,0,-22.163267,-0.415225,0.995848,False,,1.326688082423681,0_0.0,-1,0,0,0,0,140.13649,148.895869,5617.535901,False,0.0,0.0,3.0,0.0,2.094582958929976
2021-05-11,818,20210511,5273.01057443387,5249.923838118479,5328.418741590816,5224.990162897892,,0,0,0,0,0,0,0,0,0,0,0,0,0,0,0,0,-23.086736,-0.437828,0.995622,False,,1.326688082423681,0_0.0,-1,0,0,0,0,141.059959,144.713096,5589.55923,False,0.0,0.0,3.0,0.0,2.094582958929976
2021-05-12,819,20210512,5270.240166076023,5260.082002097248,5285.015677317893,5206.520773845584,,0,0,0,0,0,0,0,0,0,0,0,0,0,0,0,0,-10.158164,-0.192746,0.998073,False,,1.326688082423681,0_0.0,-1,0,0,0,0,144.984704,135.206792,5561.96043,False,0.0,0.0,3.0,0.0,2.094582958929976
2021-05-13,820,20210513,5249.923838118484,5251.770777023709,5319.184047064663,5179.740159719737,,1,0,0,0,0,0,0,0,0,1,0,0,0,0,0,0,1.846939,0.03518,1.000352,False,,1.326688082423681,0_0.0,-1,0,0,0,0,117.742355,129.665976,5535.19998,False,0.0,0.0,3.0,0.0,2.094582958929976
2021-05-14,821,20210514,5249.923838118484,5259.158532644632,5287.78608567574,5199.133018224659,,1,0,0,0,0,0,0,0,0,1,0,1,0,0,0,0,9.234695,0.175901,1.001759,False,,1.326688082423681,0_0.0,-1,0,0,0,0,114.279345,129.50301,5515.641149,False,0.0,0.0,3.0,0.0,2.094582958929976
2021-05-17,822,20210517,5261.928941002484,5341.347313927402,5382.903439295125,5261.928941002506,,1,1,0,0,0,0,0,0,0,1,0,1,0,0,0,0,79.418373,1.509302,1.015093,False,,1.326688082423681,0_0.0,-1,0,0,0,0,102.505109,129.720297,5498.927216,False,0.0,0.0,3.0,0.0,2.094582958929976
2021-05-18,823,20210518,5361.663641884946,5357.969764074479,5431.847320283741,5345.041191737891,,1,1,0,0,0,0,0,0,0,0,0,0,1,0,0,0,-3.693878,-0.068894,0.999311,False,,1.326688082423681,0_0.0,-1,0,0,0,0,107.584191,125.863454,5482.480216,False,0.0,0.0,3.0,0.0,2.094582958929976
2021-05-19,824,20210519,5356.122825169253,5429.076911925864,5456.780995504357,5319.184047064659,,1,1,1,1,1,0,1,0,0,1,1,1,1,0,0,0,72.954087,1.362069,1.013621,False,,1.326688082423681,0_0.0,-1,0,0,0,0,110.585467,127.058532,5470.07599,False,0.0,0.0,3.0,0.0,2.094582958929976
2021-05-20,825,20210520,5415.224870136638,5645.168763837864,5648.862641648358,5393.061603273891,,1,1,1,1,1,1,1,1,0,1,1,1,1,0,0,0,229.943894,4.246248,1.042462,False,,1.326688082423681,0_0.0,-1,0,0,0,0,110.123732,122.60415,5461.010864,False,0.0,0.0,3.0,0.0,2.094582958929976
2021-05-21,826,20210521,5688.571828110793,5844.638165602788,5844.638165602822,5655.326927816663,,1,1,1,1,1,1,1,1,0,1,1,1,1,1,0,0,156.066337,2.743506,1.027435,True,,1.3264227448071964,触发开仓_0.0,1,1,1,0,0,151.910725,128.307932,5459.88791,False,0.0,0.0,3.0,-0.0005999999999999339,2.093326209154618
2021-05-24,827,20210524,5981.31164458987,5867.724901918173,6112.444306861286,5730.127953478509,,1,1,1,1,1,1,1,1,1,1,1,1,1,1,0,0,-113.586743,-1.899027,0.98101,True,True,1.303511438480732,平仓(止损)_5879.172254795963,3,0,0,0,0,170.841848,131.893167,5459.576108,False,5981.31164458987,5879.172254795963,3.0,-0.05181901414800005,1.9848521087060553
2021-05-25,828,20210525,5878.806535349563,5826.16877655048,5952.684091558824,5778.148365014509,,1,1,1,1,1,1,1,1,1,1,1,1,1,1,0,0,-52.637759,-0.895382,0.991046,True,True,1.303511438480732,0_0.0,-1,0,0,0,0,243.795935,144.332843,5458.957309,False,0.0,0.0,3.0,0.0,1.9848521087060553
2021-05-26,829,20210526,5803.082040235102,5543.587124050171,5821.551429287439,5502.954468135123,,1,1,1,1,1,1,1,1,1,1,1,1,1,0,0,0,-259.494916,-4.471674,0.955283,False,,1.303511438480732,0_0.0,-1,0,0,0,0,253.03063,149.493408,5452.162752,False,0.0,0.0,3.0,0.0,1.9848521087060553
2021-05-27,830,20210527,5586.990188323101,5812.316734761249,5813.2402042139,5571.291207628662,,1,1,1,1,1,1,1,1,1,1,1,1,1,1,0,0,225.326546,4.033058,1.040331,True,True,1.303511438480732,0_0.0,-1,0,0,0,0,269.883947,164.323241,5451.638169,False,0.0,0.0,3.0,0.0,1.9848521087060553
2021-05-28,831,20210528,5848.332043413257,5775.377956656634,5905.587149475439,5719.96978949974,,1,1,1,1,1,1,1,1,1,1,1,1,1,1,0,0,-72.954087,-1.247434,0.987526,True,True,1.303511438480732,0_0.0,-1,0,0,0,0,287.429867,172.417179,5450.396649,False,0.0,0.0,3.0,0.0,1.9848521087060553
2021-05-31,832,20210531,5799.388162424641,5780.918773372326,5869.571840823439,5740.286117457278,,1,1,1,1,1,1,1,1,1,1,1,1,1,1,0,0,-18.469389,-0.318471,0.996815,True,True,1.303511438480732,0_0.0,-1,0,0,0,0,238.255119,178.175283,5448.741819,False,0.0,0.0,3.0,0.0,1.9848521087060553
2021-06-01,833,20210601,5791.076937351103,5760.602445414787,5816.010612571746,5669.178969605893,,1,1,1,1,1,1,1,1,1,1,1,1,1,1,1,0,-30.474492,-0.526232,0.994738,True,True,1.303511438480732,0_0.0,-1,0,0,0,0,226.942618,174.753013,5449.213938,False,0.0,0.0,3.0,0.0,1.9848521087060553
2021-06-02,834,20210602,5762.449384320025,5679.337133584633,5765.219792677899,5616.541210806816,,1,1,1,1,1,1,1,1,1,1,1,1,1,1,0,0,-83.112251,-1.442308,0.985577,True,True,1.303511438480732,0_0.0,-1,0,0,0,0,182.846951,174.372761,5447.230885,False,0.0,0.0,3.0,0.0,1.9848521087060553
2021-06-03,835,20210603,5650.709580553563,5676.566725226788,5724.587136762822,5628.546313690816,,0,1,1,1,1,1,1,1,1,1,1,1,1,1,1,0,25.857145,0.457591,1.004576,True,True,1.303511438480732,0_0.0,-1,0,0,0,0,152.603327,175.133265,5447.791216,False,0.0,0.0,3.0,0.0,1.9848521087060553
2021-06-04,836,20210604,5651.633050006179,5806.775918045557,5873.265718633901,5651.6330500062,,0,0,1,1,1,1,1,1,1,1,1,1,1,1,1,0,155.142868,2.745098,1.027451,True,True,1.303511438480732,0_0.0,-1,0,0,0,0,130.209193,174.698692,5456.065959,False,0.0,0.0,3.0,0.0,1.9848521087060553
2021-06-07,837,20210607,5817.857551476948,5795.694284614172,5860.337146297285,5763.372853772662,,0,0,1,1,1,1,1,1,1,1,1,1,1,1,1,0,-22.163267,-0.380952,0.99619,True,True,1.303511438480732,0_0.0,-1,0,0,0,0,153.295929,183.11856,5461.847857,False,0.0,0.0,3.0,0.0,1.9848521087060553
2021-06-08,838,20210608,5790.153467898487,5749.520811983402,5804.928979140362,5669.178969605891,,0,0,1,1,1,1,1,1,1,1,1,1,1,1,1,0,-40.632656,-0.701754,0.992982,True,True,1.303511438480732,0_0.0,-1,0,0,0,0,140.829092,180.619761,5465.70171,False,0.0,0.0,3.0,0.0,1.9848521087060553
2021-06-09,839,20210609,5784.612651182794,5828.939184908325,5848.332043413285,5707.041217163122,,1,0,1,1,1,1,1,1,1,1,1,1,1,1,1,0,44.326534,0.766284,1.007663,True,True,1.303511438480732,0_0.0,-1,0,0,0,0,137.596949,183.390169,5470.226711,False,0.0,0.0,3.0,0.0,1.9848521087060553
2021-06-10,840,20210610,5852.949390676333,5795.694284614171,5991.469808568671,5792.923876256354,,1,0,1,0,1,1,1,1,1,1,1,1,1,1,1,0,-57.255106,-0.978227,0.990218,True,True,1.303511438480732,0_0.0,-1,0,0,0,0,148.909449,184.422282,5477.540589,False,0.0,0.0,3.0,0.0,1.9848521087060553
2021-06-11,841,20210611,5818.781020929564,5832.633062718786,5859.41367684467,5781.84224282497,,1,1,1,0,1,1,1,1,1,0,1,1,1,1,1,0,13.852042,0.238057,1.002381,True,True,1.303511438480732,0_0.0,-1,0,0,0,0,143.137765,190.777925,5481.714671,False,0.0,0.0,3.0,0.0,1.9848521087060553
2021-06-15,842,20210615,5836.326940529257,5844.638165602786,5901.893271664978,5725.510606215431,,1,1,1,0,1,1,1,1,1,0,1,1,1,1,1,0,8.311225,0.142405,1.001424,True,True,1.303511438480732,0_0.0,-1,0,0,0,0,138.28955,187.247012,5489.508753,False,0.0,0.0,3.0,0.0,1.9848521087060553
2021-06-16,843,20210616,5827.092246003102,5834.480001624017,5856.643268486824,5782.765712277585,,1,1,1,1,1,1,1,1,1,1,1,1,1,1,1,1,7.387756,0.126783,1.001268,True,True,1.303511438480732,0_0.0,-1,0,0,0,0,148.447714,182.575343,5499.666917,False,0.0,0.0,3.0,0.0,1.9848521087060553
2021-06-17,844,20210617,5844.638165602795,5810.469795856016,5904.663680022825,5793.84734570897,,1,1,1,1,1,1,1,1,1,1,1,1,1,1,1,1,-34.16837,-0.584611,0.994154,True,True,1.303511438480732,0_0.0,-1,0,0,0,0,131.594397,175.187587,5508.125897,False,0.0,0.0,3.0,0.0,1.9848521087060553
2021-06-18,845,20210618,5775.377956656641,5866.801432465555,5872.342249181287,5743.979995267739,,1,1,1,1,1,1,1,1,1,1,1,1,1,1,1,1,91.423476,1.582987,1.01583,True,True,1.303511438480732,0_0.0,-1,0,0,0,0,109.661997,159.216998,5518.099367,False,0.0,0.0,3.0,0.0,1.9848521087060553
2021-06-21,846,20210621,5881.57694370741,5717.199381141862,5926.826946885596,5690.418767016047,,1,1,1,1,1,1,1,1,1,0,0,1,1,1,1,1,-164.377563,-2.794787,0.972052,True,True,1.303511438480732,0_0.0,-1,0,0,0,0,122.359702,156.500911,5527.740388,False,0.0,0.0,3.0,0.0,1.9848521087060553
2021-06-22,847,20210622,5723.663667310178,5714.428972784016,5760.602445414826,5673.79631686897,,0,0,1,1,1,1,1,1,1,0,0,1,1,1,1,1,-9.234695,-0.161342,0.998387,True,True,1.303511438480732,0_0.0,-1,0,0,0,0,137.366081,151.394668,5535.885389,False,0.0,0.0,3.0,0.0,1.9848521087060553
2021-06-23,848,20210623,5707.041217163101,5696.883053184324,5744.903464720363,5679.337133584663,,0,0,0,1,1,1,1,1,1,0,0,1,1,1,1,1,-10.158164,-0.177994,0.99822,True,True,1.303511438480732,0_0.0,-1,0,0,0,0,140.598224,140.638965,5541.112226,False,0.0,0.0,3.0,0.0,1.9848521087060553
2021-06-24,849,20210624,5697.806522636947,5764.296323225248,5769.83713994098,5608.229985733278,,0,0,0,0,0,1,1,1,1,1,1,1,1,1,1,1,66.489801,1.166937,1.011669,False,,1.303511438480732,0_0.0,-1,0,0,0,0,129.285723,133.57714,5549.922124,False,0.0,0.0,3.0,0.0,1.9848521087060553
2021-06-25,850,20210625,5779.995303919717,5704.270808805248,5808.622856950826,5697.806522636972,,0,0,0,0,0,1,1,1,1,1,0,1,1,1,1,1,-75.724495,-1.310113,0.986899,False,,1.303511438480732,0_0.0,-1,0,0,0,0,137.596948,135.478401,5554.151615,False,0.0,0.0,3.0,0.0,1.9848521087060553
2021-06-28,851,20210628,5704.270808805256,5707.041217163094,5770.760609393594,5685.801419752972,,0,0,0,0,0,1,0,1,1,0,0,0,1,1,1,1,2.770408,0.048567,1.000486,False,,1.303511438480732,0_0.0,-1,0,0,0,0,106.198987,133.359853,5556.792737,False,0.0,0.0,3.0,0.0,1.9848521087060553
2021-06-29,852,20210629,5743.056525815103,5655.326927816633,5743.056525815132,5650.709580553587,,0,0,0,0,0,0,0,1,1,0,0,0,1,1,1,1,-87.729598,-1.527577,0.984724,False,,1.303511438480732,0_0.0,-1,0,0,0,0,105.737252,129.611654,5561.022227,False,0.0,0.0,3.0,0.0,1.9848521087060553
2021-06-30,853,20210630,5644.245294385256,5690.418767016017,5708.888156068363,5637.781008216972,,0,0,0,0,0,0,0,0,1,0,0,0,1,1,1,1,46.173473,0.818063,1.008181,False,,1.303511438480732,0_0.0,-1,0,0,0,0,112.432406,129.394367,5566.341411,False,0.0,0.0,3.0,0.0,1.9848521087060553
2021-07-01,854,20210701,5699.653461542179,5683.954480847709,5740.286117457286,5665.485091795434,,0,0,0,0,0,0,0,0,0,0,1,1,1,1,1,1,-15.698981,-0.275437,0.997246,False,,1.303511438480732,0_0.0,-1,0,0,0,0,89.807404,120.539924,5571.882228,False,0.0,0.0,3.0,0.0,1.9848521087060553
2021-07-02,855,20210702,5683.031011395102,5696.883053184324,5723.663667310209,5654.40345836405,,0,0,0,0,0,0,0,0,0,0,1,0,1,1,1,1,13.852042,0.243744,1.002437,False,,1.303511438480732,0_0.0,-1,0,0,0,0,80.803577,119.236203,5581.098453,False,0.0,0.0,3.0,0.0,1.9848521087060553
2021-07-05,856,20210705,5707.041217163102,5797.541223519402,5815.087143119134,5707.041217163127,,0,0,0,0,0,0,0,0,0,0,0,1,0,1,1,1,90.500006,1.585761,1.015858,False,,1.303511438480732,0_0.0,-1,0,0,0,0,76.878832,115.325038,5592.937332,False,0.0,0.0,3.0,0.0,1.9848521087060553
2021-07-06,857,20210706,5819.70449038218,5798.464692972017,5839.097348887134,5771.684078846204,,1,0,0,0,0,0,0,0,0,0,1,1,0,1,1,1,-21.239797,-0.364964,0.99635,False,,1.303511438480732,0_0.0,-1,0,0,0,0,83.343118,113.966995,5602.984679,False,0.0,0.0,3.0,0.0,1.9848521087060553
2021-07-07,858,20210707,5795.694284614179,5792.923876256324,5845.561635055442,5731.974892383742,,1,1,0,0,0,0,0,0,0,0,1,1,0,1,1,1,-2.770408,-0.047801,0.999522,False,,1.303511438480732,0_0.0,-1,0,0,0,0,82.419649,106.253309,5610.20621,False,0.0,0.0,3.0,0.0,1.9848521087060553
2021-07-08,859,20210708,5792.923876256334,5683.954480847708,5803.082040235135,5671.949377963742,,1,1,0,0,0,0,0,0,0,0,0,1,1,1,1,1,-108.969395,-1.881078,0.981189,False,,1.303511438480732,0_0.0,-1,0,0,0,0,92.116078,108.371856,5616.079476,False,0.0,0.0,3.0,0.0,1.9848521087060553
2021-07-09,860,20210709,5707.041217163103,5688.571828110785,5720.893258952365,5671.025908511127,,1,1,0,0,0,0,0,0,0,0,0,1,0,1,1,1,-18.469389,-0.323625,0.996764,False,,1.303511438480732,0_0.0,-1,0,0,0,0,107.584191,105.710091,5624.833966,False,0.0,0.0,3.0,0.0,1.9848521087060553
2021-07-12,861,20210712,5693.189175373873,5584.219779965247,5719.046320047134,5544.510593502819,,1,1,0,0,0,0,0,0,0,0,0,0,0,1,1,1,-108.969395,-1.914031,0.98086,False,,1.303511438480732,0_0.0,-1,0,0,0,0,90.500006,104.297726,5630.688763,False,0.0,0.0,3.0,0.0,1.9848521087060553
2021-07-13,862,20210713,5583.296310512642,5551.898349123708,5594.377943944055,5506.648345945588,,0,0,0,0,0,0,0,0,0,0,0,0,0,1,1,1,-31.397961,-0.562355,0.994376,False,,1.303511438480732,0_0.0,-1,0,0,0,0,117.28062,108.045926,5635.952539,False,0.0,0.0,3.0,0.0,1.9848521087060553
2021-07-14,863,20210714,5551.898349123719,5539.893246239708,5607.306516280671,5525.117734997895,,0,0,0,0,0,0,0,0,0,0,0,0,0,1,1,1,-12.005103,-0.216234,0.997838,False,,1.303511438480732,0_0.0,-1,0,0,0,0,110.816334,105.65577,5641.308662,False,0.0,0.0,3.0,0.0,1.9848521087060553
2021-07-15,864,20210715,5525.117734997873,5525.117734997862,5565.750390912978,5478.944262367126,,0,0,0,0,0,0,0,0,0,0,0,0,0,1,1,1,-0.0,-0.0,1.0,False,,1.303511438480732,0_0.0,-1,0,0,0,0,98.580364,96.58404,5646.258458,False,0.0,0.0,3.0,0.0,1.9848521087060553
2021-07-16,865,20210716,5522.347326640027,5584.219779965246,5610.076924638518,5508.495284850818,,0,0,0,0,0,0,0,0,0,0,0,0,0,0,1,1,61.872453,1.120401,1.011204,False,,1.303511438480732,0_0.0,-1,0,0,0,0,107.815059,96.58404,5654.274173,False,0.0,0.0,3.0,0.0,1.9848521087060553
2021-07-19,866,20210719,5596.224882849257,5695.036114279093,5743.97999526775,5574.985085439127,,0,0,0,0,0,0,0,0,0,0,0,0,0,0,1,1,98.811231,1.765677,1.017657,False,,1.303511438480732,0_0.0,-1,0,0,0,0,89.576537,98.702588,5662.308357,False,0.0,0.0,3.0,0.0,1.9848521087060553
2021-07-20,867,20210720,5679.337133584642,5550.051410218477,5707.041217163134,5543.587124050204,,0,0,0,0,0,0,0,0,0,0,0,0,0,0,1,1,-129.285723,-2.276423,0.977236,False,,1.303511438480732,0_0.0,-1,0,0,0,0,109.892865,99.137162,5666.999582,False,0.0,0.0,3.0,0.0,1.9848521087060553
2021-07-21,868,20210721,5552.821818576334,5534.352429524016,5573.138146533903,5503.877937587742,,0,0,0,0,0,0,0,0,0,0,0,0,0,0,1,1,-18.469389,-0.332613,0.996674,False,,1.303511438480732,0_0.0,-1,0,0,0,0,130.209193,102.233501,5672.688154,False,0.0,0.0,3.0,0.0,1.9848521087060553
2021-07-22,869,20210722,5543.58712405018,5530.658551713555,5580.525902154825,5514.036101566511,,0,0,0,0,0,0,0,0,0,0,0,0,0,0,1,1,-12.928572,-0.233217,0.997668,False,,1.303511438480732,0_0.0,-1,0,0,0,0,125.822713,101.310031,5678.099685,False,0.0,0.0,3.0,0.0,1.9848521087060553
2021-07-23,870,20210723,5534.352429524026,5410.607522873554,5571.291207628671,5408.760583968357,,0,0,0,0,0,0,0,0,0,0,0,0,0,0,1,1,-123.744907,-2.235942,0.977641,False,,1.303511438480732,0_0.0,-1,0,0,0,0,117.049753,99.789023,5681.276419,False,0.0,0.0,3.0,0.0,1.9848521087060553
2021-07-26,871,20210726,5406.913645063102,5458.627934409555,5466.939159483132,5406.913645063126,,0,0,0,0,0,0,0,0,0,0,0,0,0,0,1,1,51.714289,0.956447,1.009564,False,,1.303511438480732,0_0.0,-1,0,0,0,0,115.433682,105.166874,5685.265807,False,0.0,0.0,3.0,0.0,1.9848521087060553
2021-07-27,872,20210727,5465.092220577872,5453.087117693863,5508.495284850825,5420.765686852357,,0,0,0,0,0,0,0,0,0,0,0,0,0,0,1,1,-12.005103,-0.219669,0.997803,False,,1.303511438480732,0_0.0,-1,0,0,0,0,89.576537,104.297726,5687.500604,False,0.0,0.0,3.0,0.0,1.9848521087060553
2021-07-28,873,20210728,5453.087117693872,5497.413651419402,5502.030998682517,5434.617728641588,,0,0,0,0,0,0,0,0,0,0,0,0,0,0,1,1,44.326534,0.81287,1.008129,False,,1.303511438480732,0_0.0,-1,0,0,0,0,94.193884,105.384161,5690.289481,False,0.0,0.0,3.0,0.0,1.9848521087060553
2021-07-29,874,20210729,5509.41875430341,5496.490181966787,5547.281001860671,5477.097323461896,,0,0,0,0,0,0,0,0,0,0,0,0,0,0,1,1,-12.928572,-0.234663,0.997653,False,,1.303511438480732,0_0.0,-1,0,0,0,0,94.424751,102.396466,5691.637747,False,0.0,0.0,3.0,0.0,1.9848521087060553
2021-07-30,875,20210730,5483.56160963018,5523.270796092633,5586.990188323132,5454.934056599127,,0,0,0,0,0,0,0,0,0,0,0,0,0,0,0,1,39.709186,0.72415,1.007241,False,,1.303511438480732,0_0.0,-1,0,0,0,0,71.338015,102.559431,5689.199787,False,0.0,0.0,3.0,0.0,1.9848521087060553
2021-08-02,876,20210802,5494.643243061565,5505.72487649294,5518.653448829593,5441.082014809896,,0,0,0,0,0,0,0,0,0,0,0,0,0,0,0,1,11.081633,0.201681,1.002017,False,,1.303511438480732,0_0.0,-1,0,0,0,0,89.345669,103.645866,5682.421522,False,0.0,0.0,3.0,0.0,1.9848521087060553
2021-08-03,877,20210803,5494.643243061565,5540.816715692325,5555.592226934208,5486.33201798805,,0,0,0,0,0,0,0,0,0,0,0,0,0,0,0,1,46.173473,0.840336,1.008403,False,,1.303511438480732,0_0.0,-1,0,0,0,0,87.960465,100.766814,5675.883358,False,0.0,0.0,3.0,0.0,1.9848521087060553
2021-08-04,878,20210804,5521.423857187411,5660.867744532325,5701.50040044744,5517.729979376973,,1,0,1,0,0,0,0,0,0,1,0,0,0,0,0,1,139.443887,2.525506,1.025255,False,,1.303511438480732,0_0.0,-1,0,0,0,0,88.4222,101.90757,5672.577337,False,0.0,0.0,3.0,0.0,1.9848521087060553
2021-08-05,879,20210805,5684.877950300335,5644.245294385248,5707.041217163132,5617.464680259436,,1,1,1,1,0,0,0,0,0,1,0,0,0,0,1,1,-40.632656,-0.71475,0.992853,False,,1.303511438480732,0_0.0,-1,0,0,0,0,116.818886,102.450788,5674.590501,False,0.0,0.0,3.0,0.0,1.9848521087060553
2021-08-06,880,20210806,5649.786111100951,5651.63305000617,5667.332030700671,5611.000394091129,,1,1,1,1,0,0,0,0,0,1,0,0,0,0,0,1,1.846939,0.03269,1.000327,False,,1.303511438480732,0_0.0,-1,0,0,0,0,106.198987,102.559431,5671.376827,False,0.0,0.0,3.0,0.0,1.9848521087060553
2021-08-09,881,20210809,5650.709580553566,5510.342223756016,5650.709580553594,5495.566712514204,,1,1,1,1,0,0,0,0,0,0,0,0,0,0,0,1,-140.367357,-2.484066,0.975159,False,,1.303511438480732,0_0.0,-1,0,0,0,0,99.734701,101.038423,5666.076112,False,0.0,0.0,3.0,0.0,1.9848521087060553
2021-08-10,882,20210810,5485.408548535411,5518.653448829555,5536.199368429285,5466.939159483128,,1,1,1,1,0,0,0,0,0,0,0,0,0,0,0,1,33.2449,0.606061,1.006061,False,,1.303511438480732,0_0.0,-1,0,0,0,0,121.436233,105.112552,5660.830806,False,0.0,0.0,3.0,0.0,1.9848521087060553
2021-08-11,883,20210811,5538.969776787103,5537.122837881862,5541.740185144978,5488.178956893282,,1,1,1,1,0,0,0,0,0,1,0,0,0,0,0,1,-1.846939,-0.033344,0.999667,False,,1.303511438480732,0_0.0,-1,0,0,0,0,92.80868,103.211292,5656.361214,False,0.0,0.0,3.0,0.0,1.9848521087060553
2021-08-12,884,20210812,5544.510593502796,5633.163660953863,5660.867744532364,5542.66365459759,,0,1,1,1,1,0,1,0,0,1,1,0,0,0,0,1,88.653067,1.598934,1.015989,False,,1.303511438480732,0_0.0,-1,0,0,0,0,83.804853,96.421075,5655.437744,False,0.0,0.0,3.0,0.0,1.9848521087060553
2021-08-13,885,20210813,5633.163660953874,5678.413664132017,5693.189175373903,5594.377943944052,,0,1,1,1,1,0,1,0,0,1,1,0,0,0,1,1,45.250003,0.803279,1.008033,False,,1.303511438480732,0_0.0,-1,0,0,0,0,100.65817,94.085241,5655.474683,False,0.0,0.0,3.0,0.0,1.9848521087060553
2021-08-16,886,20210816,5682.107541942489,5666.408561248018,5771.68407884621,5644.245294385283,,1,1,1,1,1,0,1,0,0,1,0,1,0,0,0,0,-15.698981,-0.276288,0.997237,False,,1.303511438480732,0_0.0,-1,0,0,0,0,86.344394,95.823536,5652.667336,False,0.0,0.0,3.0,0.0,1.9848521087060553
2021-08-17,887,20210817,5666.408561248028,5740.286117457248,5817.85755147698,5645.168763837899,,1,1,1,1,1,0,1,0,0,1,1,1,0,1,0,0,73.877556,1.303781,1.013038,True,,1.303250736193036,触发开仓_0.0,1,1,1,0,0,100.889038,99.40877,5651.559172,False,0.0,0.0,3.0,-0.0005999999999996009,1.9836611974408325
2021-08-18,888,20210818,5720.893258952336,5671.949377963709,5734.745300741594,5640.551416574822,,1,1,1,1,1,0,1,0,0,1,1,1,0,0,0,0,-48.943881,-0.855529,0.991445,False,,1.2827984721216013,平仓_5623.200882887297,3,0,0,0,0,130.670928,100.006309,5650.007744,False,5720.893258952336,5623.200882887297,3.0,-0.04707980629539932,1.8902708125096181
2021-08-19,889,20210819,5632.240191501259,5550.051410218477,5635.934069311747,5513.112632113897,,1,1,1,1,1,0,1,0,0,1,1,1,0,0,0,1,-82.188781,-1.459256,0.985407,False,,1.2827984721216013,0_0.0,-1,0,0,0,0,124.668376,102.342144,5644.429988,False,0.0,0.0,3.0,0.0,1.8902708125096181
2021-08-20,890,20210820,5550.051410218489,5563.903452007708,5595.301413396671,5534.352429524051,,1,1,1,1,1,0,1,0,0,1,1,0,0,0,0,0,13.852042,0.249584,1.002496,False,,1.2827984721216013,0_0.0,-1,0,0,0,0,139.674755,106.524917,5639.794172,False,0.0,0.0,3.0,0.0,1.8902708125096181
2021-08-23,891,20210823,5542.663654597566,5492.796304156323,5606.383046828056,5473.403445651436,,0,1,0,1,1,0,1,0,0,0,1,0,0,0,0,0,-49.86735,-0.8997,0.991003,False,,1.2827984721216013,0_0.0,-1,0,0,0,0,123.052305,106.144665,5632.997436,False,0.0,0.0,3.0,0.0,1.8902708125096181
2021-08-24,892,20210824,5493.71977360895,5547.281001860631,5550.051410218516,5493.719773608975,,0,1,0,1,1,0,1,0,0,1,1,0,0,0,0,0,53.561228,0.974954,1.00975,False,,1.2827984721216013,0_0.0,-1,0,0,0,0,113.125008,109.838543,5627.050293,False,0.0,0.0,3.0,0.0,1.8902708125096181
2021-08-25,893,20210825,5559.286104744643,5559.286104744631,5594.377943944055,5494.64324306159,,0,0,0,1,0,1,1,1,1,0,1,1,1,0,0,0,-0.0,-0.0,1.0,False,,1.2827984721216013,0_0.0,-1,0,0,0,0,102.505109,105.438483,5621.546415,False,0.0,0.0,3.0,0.0,1.8902708125096181
2021-08-26,894,20210826,5585.143249417873,5586.990188323092,5626.699374785593,5566.67386036559,,0,0,0,0,0,1,1,1,1,0,1,1,1,0,0,0,1.846939,0.033069,1.000331,False,,1.2827984721216013,0_0.0,-1,0,0,0,0,87.729598,106.470596,5617.076823,False,0.0,0.0,3.0,0.0,1.8902708125096181
2021-08-27,895,20210827,5586.990188323104,5602.689169017554,5633.163660953901,5549.127940765898,,0,0,0,0,0,1,1,1,1,0,1,1,1,0,0,0,15.698981,0.280992,1.00281,False,,1.2827984721216013,0_0.0,-1,0,0,0,0,89.345669,106.361952,5611.794578,False,0.0,0.0,3.0,0.0,1.8902708125096181
2021-08-30,896,20210830,5602.689169017565,5548.204471313246,5611.000394091131,5529.735082260974,,0,0,0,0,0,0,0,1,1,1,1,1,0,0,0,0,-54.484698,-0.972474,0.990275,False,,1.2827984721216013,0_0.0,-1,0,0,0,0,77.109699,100.495205,5608.41468,False,0.0,0.0,3.0,0.0,1.8902708125096181
2021-08-31,897,20210831,5531.58202116618,5506.648345945554,5565.750390912977,5506.648345945589,,0,0,0,0,0,0,0,1,1,0,0,1,0,0,0,0,-24.933675,-0.450751,0.995492,False,,1.2827984721216013,0_0.0,-1,0,0,0,0,83.112251,100.00631,5604.259067,False,0.0,0.0,3.0,0.0,1.8902708125096181
2021-09-01,898,20210901,5486.624170142126,5334.059021163537,5499.020088496663,5324.52369935241,,0,0,0,0,0,0,0,0,1,0,0,0,0,0,0,0,-152.565149,-2.780674,0.972193,False,,1.2827984721216013,0_0.0,-1,0,0,0,0,72.954087,100.169275,5597.002586,False,0.0,0.0,3.0,0.0,1.8902708125096181
2021-09-02,899,20210902,5335.012553344664,5340.73374643135,5375.060904951568,5306.406587911204,,0,0,0,0,0,0,0,0,1,0,0,0,0,0,0,0,5.721193,0.107239,1.001072,False,,1.2827984721216013,0_0.0,-1,0,0,0,0,101.631931,101.702116,5588.531335,False,0.0,0.0,3.0,0.0,1.8902708125096181
2021-09-03,900,20210903,5340.73374643136,5367.432647502601,5411.29512783398,5315.941909722365,,0,0,0,0,0,0,0,0,0,0,0,0,0,0,0,0,26.698901,0.499911,1.004999,False,,1.2827984721216013,0_0.0,-1,0,0,0,0,97.78658,101.666476,5581.794572,False,0.0,0.0,3.0,0.0,1.8902708125096181
2021-09-06,901,20210906,5338.826682069129,5329.291360257957,5385.549758943845,5220.588691610754,,0,0,0,0,0,0,0,0,0,0,0,0,0,0,0,0,-9.535322,-0.178603,0.998214,False,,1.2827984721216013,0_0.0,-1,0,0,0,0,101.308557,104.124828,5574.239575,False,0.0,0.0,3.0,0.0,1.8902708125096181
2021-09-07,902,20210907,5314.03484536011,5319.756038446795,5370.293244045987,5293.057137375578,,0,0,0,0,0,0,0,0,0,0,0,0,0,0,0,0,5.721193,0.107662,1.001077,False,,1.2827984721216013,0_0.0,-1,0,0,0,0,127.773312,106.549308,5567.528157,False,0.0,0.0,3.0,0.0,1.8902708125096181
2021-09-08,903,20210908,5319.756038446807,5166.237357287101,5327.384295895762,5164.330292924902,,0,0,0,0,0,0,0,0,0,0,0,0,0,0,0,0,-153.518681,-2.885822,0.971142,False,,1.2827984721216013,0_0.0,-1,0,0,0,0,101.551177,105.280183,5557.044529,False,0.0,0.0,3.0,0.0,1.8902708125096181
2021-09-09,904,20210909,5200.564515807293,5278.754154658803,5328.337828076878,5143.352584940348,,0,0,0,0,0,0,0,0,0,0,0,0,0,0,0,0,78.189639,1.503484,1.015035,False,,1.2827984721216013,0_0.0,-1,0,0,0,0,125.151099,107.375196,5548.940522,False,0.0,0.0,3.0,0.0,1.8902708125096181
2021-09-10,905,20210910,5278.754154658815,5337.873149888002,5381.735630219381,5256.822914493166,,0,0,0,0,0,0,0,0,0,0,0,0,0,0,0,0,59.118995,1.119942,1.011199,False,,1.2827984721216013,0_0.0,-1,0,0,0,0,147.559105,108.098517,5541.760324,False,0.0,0.0,3.0,0.0,1.8902708125096181
2021-09-13,906,20210913,5337.873149888014,5338.826682069118,5416.062788739561,5293.057137375578,,0,0,0,0,0,0,0,0,0,0,0,0,0,0,0,0,0.953532,0.017864,1.000179,False,,1.2827984721216013,0_0.0,-1,0,0,0,0,137.547017,109.579577,5532.586033,False,0.0,0.0,3.0,0.0,1.8902708125096181
2021-09-14,907,20210914,5338.826682069131,5331.198424620189,5366.479115321523,5306.406587911204,,0,0,0,0,0,0,0,0,0,0,0,0,0,0,0,0,-7.628257,-0.142883,0.998571,False,,1.2827984721216013,0_0.0,-1,0,0,0,0,148.989403,107.471865,5523.240708,False,0.0,0.0,3.0,0.0,1.8902708125096181
2021-09-15,908,20210915,5336.919617706898,5366.479115321486,5425.598110550722,5320.709570627946,,1,0,0,0,0,0,0,0,0,0,0,0,0,0,0,0,29.559498,0.553868,1.005539,False,,1.2827984721216013,0_0.0,-1,0,0,0,0,123.244034,107.420309,5514.711813,False,0.0,0.0,3.0,0.0,1.8902708125096181
2021-09-16,909,20210916,5371.246776227078,5373.153840589299,5454.204075984205,5325.477231533527,,1,0,0,0,0,0,0,0,0,0,0,0,0,0,0,0,1.907064,0.035505,1.000355,False,,1.2827984721216013,0_0.0,-1,0,0,0,0,103.219859,105.767894,5508.4958,False,0.0,0.0,3.0,0.0,1.8902708125096181
2021-09-17,910,20210917,5374.107372770426,5442.761689810774,5448.482882897509,5361.711454415939,,1,1,0,0,0,0,0,0,0,0,0,0,0,1,0,0,68.654317,1.277502,1.012775,True,,1.2825419124271769,触发开仓_0.0,1,1,1,0,0,104.17339,109.972113,5503.579597,False,0.0,0.0,3.0,-0.000600000000000267,1.8891366500221118
2021-09-22,911,20210922,5584.837984797087,5723.100151058911,5723.100151058951,5544.789633190235,,1,1,1,1,1,0,0,0,0,1,1,1,1,1,1,1,138.262166,2.47567,1.024757,True,,1.337942817983618,0_5489.4689457367385,2,1,1,0,0,95.114835,109.209568,5506.357204,False,5584.837984797087,5489.4689457367385,3.0,0.1295885265494281,2.133947084949
2021-09-23,912,20210923,5826.081626619465,5652.538769656318,5830.849287525072,5608.676289325014,,1,1,1,1,1,0,0,0,0,1,1,0,1,1,1,0,-173.542857,-2.978723,0.970213,True,,1.305096431290076,0_5508.051419260917,2,1,1,0,0,150.181318,121.734579,5508.370013,False,5584.837984797087,5508.051419260917,3.0,-0.0736497545008179,1.97678240602477
2021-09-24,913,20210924,5683.051799452048,6074.953525890757,6074.953525890799,5668.74881673533,,1,1,1,1,1,1,1,0,0,1,1,1,1,1,1,1,391.901726,6.895973,1.06896,True,,1.392467819894898,0_5489.4689457367385,2,1,1,0,0,179.502433,129.860301,5519.071218,False,5584.837984797087,5489.4689457367385,3.0,0.20083892617449695,2.3737972617314234
2021-09-27,914,20210927,6063.511139717378,5907.131862014322,6063.511139717405,5837.524012792884,,1,1,1,1,1,1,1,1,0,1,1,1,1,1,1,1,-156.379278,-2.579022,0.97421,True,,1.357650649999743,0_5696.786125259034,2,1,1,0,0,252.924411,149.927916,5526.711501,False,5584.837984797087,5696.786125259034,3.0,-0.07501179430728189,2.195734469807237
2021-09-28,915,20210928,5911.899522919914,5958.622599794592,6070.185864985217,5877.572364399761,,1,1,1,1,1,1,1,1,0,1,1,1,1,1,1,1,46.723077,0.790323,1.007903,True,,1.375168722902966,0_5638.347035383305,2,1,1,0,0,290.588932,160.417767,5534.199557,False,5584.837984797087,5638.347035383305,3.0,0.03870967741935627,2.280730642832036
2021-09-29,916,20210929,5988.182097409204,6090.210040788616,6182.70266235692,5969.111453786908,,1,1,1,1,1,1,1,1,1,1,1,1,1,1,1,1,102.027943,1.703822,1.017038,True,,1.4167741460481194,0_5607.799441891403,2,1,1,0,0,268.657692,161.034758,5542.103036,False,5584.837984797087,5607.799441891403,3.0,0.0907643312101909,2.487739634299275
2021-09-30,917,20210930,6169.353211821266,6194.145048530272,6197.959177254778,6041.579899551733,,1,1,1,1,1,1,1,1,1,1,1,1,1,1,1,1,24.791837,0.401855,1.004019,True,,1.478087401209398,0_5700.402382543436,2,1,1,0,0,269.134458,170.177449,5554.984909,False,5584.837984797087,5700.402382543436,3.0,0.12982998454404937,2.8107228325699687
2021-10-08,918,20211008,6436.342222533778,6199.866241616969,6464.948187967292,6171.260276183525,,1,1,1,1,1,1,1,1,1,1,1,1,1,1,1,1,-236.475981,-3.674074,0.963259,True,,1.4189639051610223,0_5940.766877036406,2,1,1,0,0,202.625589,173.767217,5568.295185,False,5584.837984797087,5940.766877036406,3.0,-0.11999999999999977,2.473436092661573
2021-10-11,919,20211011,6178.888533632427,6666.143478182748,6685.214121805116,6007.252741031552,,1,1,1,1,1,1,1,1,1,1,1,1,1,1,1,1,487.254945,7.885802,1.078858,True,,1.5308605958303558,0_5930.313079971583,2,1,1,0,0,216.690189,181.339385,5591.004883,False,5584.837984797087,5930.313079971583,3.0,0.23657407407407383,3.0585869460643798
2021-10-12,920,20211012,6666.143478182762,6812.033901893514,6812.03390189356,6607.978015134707,,1,1,1,1,1,1,1,1,1,1,1,1,1,1,1,1,145.890424,2.188528,1.021885,True,,1.5875753568545383,0_6138.06335416083,2,1,1,0,0,338.027158,216.676166,5619.033411,False,5584.837984797087,6138.06335416083,3.0,0.11114289801172861,3.3985271630708174
2021-10-13,921,20211013,6913.108313091836,6812.033901893514,6973.180840502185,6360.059648044516,,1,1,1,1,1,1,1,1,1,1,1,1,1,1,1,1,-101.074411,-1.462069,0.985379,True,,1.5521012592255132,0_6282.123617660799,2,1,1,0,0,333.021115,219.088041,5646.10153,False,5584.837984797087,6282.123617660799,3.0,-0.06703448275861978,3.1707086525532455
2021-10-14,922,20211014,6758.636099751026,6791.056193908959,6834.918674240347,6634.676916205958,,1,1,1,1,1,1,1,1,1,1,1,1,1,1,1,1,32.420094,0.479684,1.004797,True,,1.5634880066126076,0_6275.099973849911,2,1,1,0,0,447.206593,244.272509,5672.860912,False,5584.837984797087,6275.099973849911,3.0,0.022009029345371633,3.2404928723329136
2021-10-15,923,20211015,6808.219773169063,6712.866555057438,6894.037669469546,6687.121186167345,,1,1,1,1,1,1,1,1,1,1,1,1,1,1,1,1,-95.353218,-1.40056,0.985994,True,,1.5321744512980973,0_6201.760048356801,2,1,1,0,0,423.845055,248.703629,5697.16997,False,5584.837984797087,6201.760048356801,3.0,-0.0600840336134455,3.045790989667532
2021-10-18,924,20211018,6671.864671269459,7123.838925118483,7233.495125946884,6567.92966352783,,1,1,1,1,1,1,1,1,1,1,1,1,1,1,1,1,451.974254,6.774332,1.067743,True,,1.6357500573384005,0_6188.856142240896,2,1,1,0,0,306.08383,253.63956,5729.716945,False,5584.837984797087,6188.856142240896,3.0,0.20280120051450679,3.6634810588883755
2021-10-19,925,20211019,7122.885392937382,7099.047088409463,7435.643948343502,7025.625110463567,,1,1,1,1,1,1,1,1,1,1,1,1,1,1,1,1,-23.838305,-0.334672,0.996653,True,,1.5974292728626012,0_6385.21278330341,2,1,1,0,0,421.461224,289.256792,5761.232471,False,5584.837984797087,6385.21278330341,3.0,-0.07028112449799218,3.4060074904926054
2021-10-20,926,20211020,6956.017261242062,7235.402190309067,7323.1271509718,6903.572991280703,,1,1,1,1,1,1,1,1,1,1,1,1,1,1,1,1,279.384929,4.01645,1.040164,True,,1.6716621067900066,0_6293.46645040936,2,1,1,0,0,370.685635,307.205633,5795.826017,False,5584.837984797087,6293.46645040936,3.0,0.13941055517477752,3.8808408856716303
2021-10-21,927,20211021,7279.264670640425,7175.329662898752,7319.313022247336,7133.374246929688,,1,1,1,1,1,1,1,1,1,1,1,1,1,1,1,1,-103.935008,-1.427823,0.985722,True,,1.6357500573384005,0_6430.7753824689,2,1,1,0,0,425.513736,324.313122,5828.516276,False,5584.837984797087,6430.7753824689,3.0,-0.06444851977993171,3.6307264350886546
2021-10-22,928,20211022,7122.885392937382,7424.201562170058,7454.714591965825,7084.744105692766,,1,1,1,1,1,1,1,1,1,1,1,1,1,1,1,1,301.316169,4.230254,1.042303,True,,1.7539970494351524,0_6430.7753824689,2,1,1,0,0,420.269309,330.146495,5863.782952,False,5584.837984797087,6430.7753824689,3.0,0.2168674698795181,4.418112890891013
2021-10-25,929,20211025,7637.792770740084,7989.646145571912,7989.646145571968,7532.904230817341,,1,1,1,1,1,1,1,1,1,1,1,1,1,1,1,1,351.853375,4.606742,1.046067,True,,1.831514522031912,0_6747.512550900693,2,1,1,0,0,346.370565,335.418967,5910.690969,False,5584.837984797087,6747.512550900693,3.0,0.13258426966292114,5.003885161818135
2021-10-26,930,20211026,7975.343162855189,8039.22981898995,8150.793084180592,7790.357919718693,,1,1,1,1,1,1,1,1,1,1,1,1,1,1,1,1,63.886656,0.801052,1.008011,True,,1.8367699439028784,0_7058.353016728685,2,1,1,0,0,385.227001,355.611413,5958.442905,False,5584.837984797087,7058.353016728685,3.0,0.008608321377330919,5.046960213426323
2021-10-27,931,20211027,7998.227935201975,7898.107056184765,8028.740964997729,7762.705486466325,,1,1,1,1,1,1,1,1,1,1,1,1,1,1,1,1,-100.120879,-1.251788,0.987482,True,,1.8089600031690127,0_7102.157093213934,2,1,1,0,0,370.447252,351.965555,6006.198201,False,5584.837984797087,7102.157093213934,3.0,-0.04542203147353352,4.817717027766402
2021-10-28,932,20211028,7877.129348200228,7580.5808398731,7932.434214705,7184.864984709957,,1,1,1,1,1,1,1,1,1,1,1,1,1,1,1,1,-296.548508,-3.764677,0.962353,True,,1.7426103020480577,0_7102.157093213934,2,1,1,0,0,393.093641,354.26525,6047.436749,False,5584.837984797087,7102.157093213934,3.0,-0.11003510470887268,4.287599030158407
2021-10-29,933,20211029,7588.209097322046,7557.696067526314,7664.491671811371,7385.106742744341,,1,1,1,1,1,1,1,1,1,1,1,1,1,1,1,1,-30.51303,-0.402111,0.995979,True,,1.734070241507737,0_7102.157093213934,2,1,1,0,0,487.493327,386.909705,6087.848214,False,5584.837984797087,7102.157093213934,3.0,-0.014702186479014556,4.224561949669776
2021-11-01,934,20211101,7551.021342258518,7451.853995422425,7551.974874439668,7323.127150971794,,1,1,1,1,1,1,1,1,1,1,1,1,1,1,1,1,-99.167347,-1.313297,0.986867,True,,1.7080121080641937,0_7102.157093213934,2,1,1,0,0,415.978414,390.162932,6124.22202,False,5584.837984797087,7102.157093213934,3.0,-0.045081449677989216,4.03411257272419
2021-11-02,935,20211102,7437.5510127057,7785.590258813065,7853.291043672362,7306.917103892821,,1,1,1,1,1,1,1,1,1,1,1,1,1,1,1,1,348.039246,4.679487,1.046795,True,,1.782463917902889,0_7102.157093213934,2,1,1,0,0,384.511852,394.762323,6166.365552,False,5584.837984797087,7102.157093213934,3.0,0.1307692307692303,4.561650370695813
2021-11-03,936,20211103,7761.751954285179,7738.867181938375,7872.361687294685,7611.093869668863,,0,1,1,1,1,1,1,1,1,1,1,1,1,1,1,1,-22.884772,-0.29484,0.997052,True,,1.773266929628697,0_7102.157093213934,2,1,1,0,0,451.974254,409.626207,6207.814725,False,5584.837984797087,7102.157093213934,3.0,-0.015479115479115957,4.4910400578324605
2021-11-04,937,20211104,7721.703602678303,7314.545361341705,7852.337511491246,7270.682881010408,,0,0,1,1,1,1,1,1,1,1,1,1,1,1,1,1,-407.158241,-5.272907,0.947271,True,,1.6723190345238774,0_7102.157093213934,2,1,1,0,0,330.398901,385.114821,6239.29991,False,5584.837984797087,7102.157093213934,3.0,-0.1707829093603357,3.724047170702023
2021-11-05,938,20211105,7282.125267183773,7415.619772540013,7461.389317233637,7151.491358370893,,0,0,1,1,1,1,1,1,1,1,1,1,1,1,1,1,133.494505,1.833181,1.018332,True,,1.7016618066367752,0_7102.157093213934,2,1,1,0,0,405.966326,407.326512,6274.173317,False,5584.837984797087,7102.157093213934,3.0,0.05263847060364024,3.920075318223591
2021-11-08,939,20211108,7409.898579453333,7305.96357171166,7531.950698636229,7257.333430474782,,0,0,0,0,1,1,1,1,1,1,1,1,1,1,1,1,-103.935008,-1.402651,0.985973,True,,1.6751657213706512,0_7102.157093213934,2,1,1,0,0,424.798587,389.489851,6309.291561,False,5584.837984797087,7102.157093213934,3.0,-0.046712134860378396,3.73696023129589
2021-11-09,940,20211109,7294.521185538283,7348.872519861885,7375.571420933185,7200.121499607815,,0,0,0,0,1,1,1,1,1,1,1,1,1,1,1,1,54.351334,0.745098,1.007451,True,,1.6950925292980668,0_7102.157093213934,2,1,1,0,0,356.859419,393.864881,6344.990942,False,5584.837984797087,7102.157093213934,3.0,0.03568627450980366,3.8703184199421345
2021-11-10,941,20211110,7381.29261401985,7528.136569911714,7569.138453699758,7302.149442987239,,0,0,0,0,1,1,1,1,1,1,1,1,1,1,1,1,146.843956,1.989407,1.019894,True,,1.7299096991932217,0_7102.157093213934,2,1,1,0,0,335.404944,392.013907,6385.697747,False,5584.837984797087,7102.157093213934,3.0,0.06161994574344409,4.1088072309888215
2021-11-11,942,20211111,7532.904230817312,7565.324324975242,7613.0009340311,7449.946931060237,,0,0,0,0,0,1,1,1,1,1,1,1,1,1,1,1,32.420094,0.43038,1.004304,True,,1.739544639289994,0_7102.157093213934,2,1,1,0,0,256.73854,368.568233,6426.058614,False,5584.837984797087,7102.157093213934,3.0,0.016708860759493627,4.177460718899014
2021-11-12,943,20211112,7574.859646786421,7618.722127117744,7814.196224246602,7526.229505549526,,0,0,0,0,0,1,0,1,1,1,1,1,1,1,1,1,43.86248,0.579053,1.005791,True,,1.7515883144109594,0_7102.157093213934,2,1,1,0,0,220.027551,354.04089,6467.247334,False,5584.837984797087,7102.157093213934,3.0,0.020770392749244637,4.264228218725089
2021-11-15,944,20211115,7627.303916747807,7689.283508520337,7737.913649757312,7583.441436416493,,1,0,0,0,0,1,0,1,1,0,1,1,1,1,1,1,61.979592,0.812602,1.008126,True,,1.7658217486448275,0_7102.157093213934,2,1,1,0,0,223.364914,346.300452,6509.293201,False,5584.837984797087,7102.157093213934,3.0,0.024378047255906754,4.3681817757511405
2021-11-16,945,20211116,7689.283508520355,7714.075345229356,7750.309568111822,7480.459960855952,,1,1,0,0,1,1,0,1,1,0,1,1,1,1,1,1,24.791837,0.322421,1.003224,True,,1.7712961464270849,0_7102.157093213934,2,1,1,0,0,218.120486,344.449478,6551.520924,False,5584.837984797087,7102.157093213934,3.0,0.009300595238095788,4.408808466373828
2021-11-17,946,20211117,7713.121813048258,7455.66812414689,7713.121813048293,7442.318673611308,,1,1,0,0,1,1,0,1,1,0,1,1,1,1,1,1,-257.453689,-3.337866,0.966621,True,,1.708231083975484,0_7102.157093213934,2,1,1,0,0,218.835635,338.560014,6589.670197,False,5584.837984797087,7102.157093213934,3.0,-0.10681171961923597,3.937896052608593
2021-11-18,947,20211118,7438.504544886817,7732.192456670563,7736.00658539508,7411.805643815592,,1,1,1,1,1,1,0,1,1,1,1,1,1,1,1,1,293.687912,3.948212,1.039482,True,,1.7813690383464376,0_7102.157093213934,2,1,1,0,0,246.011303,321.284255,6634.181079,False,5584.837984797087,7102.157093213934,3.0,0.12844507114472425,4.443699391246432
2021-11-19,948,20211119,7756.984293379599,7781.7761300886,7818.010352971066,7652.095753456854,,1,1,1,1,1,1,0,1,1,1,1,1,1,1,1,1,24.791837,0.319607,1.003196,True,,1.787062412039985,0_7103.614926358138,2,1,1,0,0,255.069859,319.15283,6683.135422,False,5584.837984797087,7103.614926358138,3.0,0.009588199139520803,4.48630646592587
2021-11-22,949,20211122,7781.776130088618,7769.380211734091,7883.804073468078,7715.982409591634,,1,1,1,1,1,1,0,1,1,1,0,1,1,1,1,1,-12.395918,-0.159294,0.998407,True,,1.7737048814512777,0_7109.8218690934045,2,1,1,0,0,257.930455,312.646375,6731.708351,False,5584.837984797087,7109.8218690934045,3.0,-0.022423722583016836,4.385706774311553
2021-11-23,950,20211123,7723.610667040534,7736.960117576144,7766.519615190796,7544.346616990732,,1,1,1,1,1,1,0,1,1,0,0,1,1,1,1,1,13.349451,0.17284,1.001728,True,,1.7715151223383747,0_7128.769377729453,2,1,1,0,0,232.42347,278.543577,6779.0989,False,5584.837984797087,7128.769377729453,3.0,-0.0037037037037039866,4.369463415888176
2021-11-24,951,20211124,7714.075345229373,7719.796538316054,7769.380211734144,7613.000934031093,,1,1,1,1,1,1,0,1,1,0,0,1,1,1,1,1,5.721193,0.074166,1.000742,True,,1.7726100018948263,0_7228.0804556694975,2,1,1,0,0,220.7427,275.34644,6826.909004,False,5584.837984797087,7228.0804556694975,3.0,0.001854140914709923,4.377565016782903
2021-11-25,952,20211125,7718.843006134954,7697.865298150384,7908.595910177098,7685.469379795919,,1,1,1,1,1,1,1,1,1,1,1,1,1,1,1,1,-20.977708,-0.271773,0.997282,True,,1.7561868085480554,0_7237.390868316343,2,1,1,0,0,178.787284,270.747049,6874.471189,False,5584.837984797087,7237.390868316343,3.0,-0.02779493514515108,4.25589088104774
2021-11-26,953,20211126,7647.328092551245,7837.080996593336,7853.291043672363,7587.255565140958,,1,1,1,1,1,1,1,1,1,1,1,1,1,1,1,1,189.752904,2.481297,1.024813,True,,1.7912229543545,0_7250.784797989731,2,1,1,0,0,193.090267,251.732496,6927.888062,False,5584.837984797087,7250.784797989731,3.0,0.05985037406483684,4.510607542257575
2021-11-29,954,20211129,7799.893241529823,7614.907998393282,7817.056820789951,7567.23138933752,,1,1,1,1,1,1,1,1,1,1,1,0,1,1,1,1,-184.985243,-2.371638,0.976284,True,,1.7487416275641854,0_7306.157256137538,2,1,1,0,0,217.643721,252.012947,6974.611139,False,5584.837984797087,7306.157256137538,3.0,-0.07114914425427887,4.1896816755590525
2021-11-30,955,20211130,7614.907998393297,7628.257448928907,7712.168280867178,7462.342849414747,,1,1,1,1,1,1,1,1,1,1,0,0,1,1,1,1,13.349451,0.175307,1.001753,True,,1.7518072903222497,0_7305.340552149807,2,1,1,0,0,228.847724,233.671475,7020.418825,False,5584.837984797087,7305.340552149807,3.0,0.005259203606311491,4.21171606453645
2021-12-01,956,20211201,7628.257448928923,7571.999050243056,7642.5604316457,7504.298265383855,,0,0,0,1,1,1,1,1,1,1,0,0,1,1,1,1,-56.258399,-0.7375,0.992625,False,,1.730001581485599,平仓_7358.752924804015,3,0,0,0,0,252.209262,230.137796,7065.082272,False,5584.837984797087,7358.752924804015,3.0,-0.037342650000000255,4.054439425639087
2021-12-02,957,20211202,7534.811295179543,7430.876287437871,7626.350384566726,7418.480369083404,,0,0,0,0,1,1,1,1,1,0,1,0,1,1,1,1,-103.935008,-1.379398,0.986206,False,,1.730001581485599,0_0.0,-1,0,0,0,0,230.993171,222.116908,7107.075829,False,0.0,0.0,3.0,0.0,4.054439425639087
2021-12-03,958,20211203,7400.363257642171,7592.97675822761,7611.093869668869,7373.664356570946,,0,0,0,0,0,0,1,1,1,0,1,1,1,1,1,1,192.613501,2.602757,1.026028,False,,1.730001581485599,0_0.0,-1,0,0,0,0,216.451805,224.023972,7151.605782,False,0.0,0.0,3.0,0.0,4.054439425639087
2021-12-06,959,20211206,7563.417260613026,7639.699835102299,7701.6794268749,7533.857762998455,,0,0,0,0,0,0,1,1,1,0,1,1,0,1,1,1,76.282574,1.008573,1.010086,False,,1.730001581485599,0_0.0,-1,0,0,0,0,208.346781,222.285178,7196.936702,False,0.0,0.0,3.0,0.0,4.054439425639087
2021-12-07,960,20211207,7645.421028189012,7654.956350000158,7702.632959056016,7580.580839873145,,0,0,0,0,0,0,0,1,1,0,1,0,0,1,1,1,9.535322,0.124719,1.001247,False,,1.730001581485599,0_0.0,-1,0,0,0,0,187.84584,222.565629,7241.180595,False,0.0,0.0,3.0,0.0,4.054439425639087
2021-12-08,961,20211208,7654.956350000173,7599.651483495423,7654.95635000021,7493.809411391579,,0,0,0,0,0,0,0,1,1,1,1,0,0,1,1,1,-55.304867,-0.722471,0.992775,False,,1.730001581485599,0_0.0,-1,0,0,0,0,183.793328,212.805947,7278.711622,False,0.0,0.0,3.0,0.0,4.054439425639087
2021-12-09,962,20211209,7599.651483495438,7507.15886192716,7652.095753456862,7487.134686123766,,0,0,0,0,0,0,0,1,1,0,0,1,0,1,1,1,-92.492622,-1.217064,0.987829,False,,1.730001581485599,0_0.0,-1,0,0,0,0,172.112559,213.198578,7315.804024,False,0.0,0.0,3.0,0.0,4.054439425639087
2021-12-10,963,20211210,7521.461844643917,7808.475031159851,7811.335627703254,7496.670007934928,,0,1,0,0,0,0,0,0,1,1,1,1,1,1,1,1,287.013187,3.815923,1.038159,False,,1.730001581485599,0_0.0,-1,0,0,0,0,153.995447,207.028664,7350.474454,False,0.0,0.0,3.0,0.0,4.054439425639087
2021-12-13,964,20211213,7818.01035297103,7852.337511491192,7890.478798735891,7732.192456670608,,1,1,1,0,1,1,0,1,1,1,1,1,1,1,1,1,34.327159,0.439078,1.004391,True,,1.7296555811693015,触发开仓_0.0,1,1,1,0,0,190.706436,209.552719,7389.378567,False,0.0,0.0,3.0,-0.0006000000000006,4.0520067619837015
2021-12-14,965,20211214,7879.989944743577,7801.800305892039,7892.385863098124,7761.751954285208,,1,1,1,1,1,1,0,1,1,1,1,1,1,1,1,1,-78.189639,-0.992256,0.990077,True,,1.7124929773871278,0_7745.427926851359,2,1,1,0,0,199.764992,199.793037,7426.242121,False,7879.989944743577,7745.427926851359,3.0,-0.029767666989351516,3.93138797405437
2021-12-15,966,20211215,7801.800305892056,7802.753838073155,7830.406271325576,7742.681310662885,,1,1,1,1,1,1,0,1,1,1,1,1,1,1,1,1,0.953532,0.012222,1.000122,True,True,1.6997792321587086,平仓(止损)_7745.427926851359,3,0,0,0,0,192.136734,197.717702,7460.492997,False,7879.989944743577,7745.427926851359,3.0,-0.02227234574909165,3.84382674182241
2021-12-16,967,20211216,7799.893241529824,7748.402503749537,7807.521498978789,7740.774246300653,,1,1,1,1,1,1,1,1,1,1,1,1,1,1,1,1,-51.490738,-0.660147,0.993399,True,True,1.6997792321587086,0_0.0,-1,0,0,0,0,172.827708,193.006131,7491.578146,False,0.0,0.0,3.0,0.0,3.84382674182241
2021-12-17,968,20211217,7721.927324351777,7373.337462281022,7841.065631641811,7351.274812782919,,1,1,1,1,1,1,1,1,1,0,0,0,0,0,1,1,-348.589862,-4.514286,0.954857,False,,1.6997792321587086,0_0.0,-1,0,0,0,0,110.848116,183.69517,7515.047571,False,0.0,0.0,3.0,0.0,3.84382674182241
2021-12-20,969,20211220,7351.274812782892,7229.488987553098,7501.300829370331,7226.841469613364,,0,1,0,1,0,1,0,1,0,0,0,0,0,0,1,1,-121.785825,-1.656663,0.983433,False,,1.6997792321587086,0_0.0,-1,0,0,0,0,193.724235,203.307614,7526.314481,False,0.0,0.0,3.0,0.0,3.84382674182241
2021-12-21,970,20211221,7229.488987553115,7383.927534040133,7406.872689518257,7149.180943379884,,0,0,0,1,0,0,0,0,0,0,0,0,1,0,1,1,154.438546,2.13623,1.021362,False,,1.6997792321587086,0_0.0,-1,0,0,0,0,229.680598,206.327192,7537.752353,False,0.0,0.0,3.0,0.0,3.84382674182241
2021-12-22,971,20211222,7383.927534040151,7327.447151324875,7383.927534040183,7246.256601171735,,0,0,0,0,0,0,0,0,0,0,0,0,0,0,1,1,-56.480383,-0.76491,0.992351,False,,1.6997792321587086,0_0.0,-1,0,0,0,0,272.172295,205.836384,7548.060618,False,0.0,0.0,3.0,0.0,3.84382674182241
2021-12-23,972,20211223,7323.917127405189,7405.990183538281,7410.40271343796,7139.473377600699,,0,0,0,0,0,0,0,0,0,0,0,0,0,0,1,1,82.073056,1.120617,1.011206,False,,1.6997792321587086,0_0.0,-1,0,0,0,0,289.903214,198.061168,7560.359298,False,0.0,0.0,3.0,0.0,3.84382674182241
2021-12-24,973,20211224,7402.460159618596,7467.765602133095,7496.8882994707,7370.689944341289,,0,0,0,0,0,0,0,0,0,0,0,0,0,0,1,1,65.305443,0.882213,1.008822,False,,1.6997792321587086,0_0.0,-1,0,0,0,0,235.187844,199.302574,7575.457279,False,0.0,0.0,3.0,0.0,3.84382674182241
2021-12-27,974,20211227,7435.112880875854,7415.697749317466,7453.64550645433,7353.922330722698,,0,0,0,0,0,0,0,0,0,0,0,0,0,0,1,1,-19.415132,-0.261128,0.997389,False,,1.6997792321587086,0_0.0,-1,0,0,0,0,198.122592,198.592938,7581.294456,False,0.0,0.0,3.0,0.0,3.84382674182241
2021-12-28,975,20211228,7415.697749317484,7541.896104446872,7585.138897463292,7382.162522080327,,0,0,0,0,0,0,0,0,0,0,0,0,0,0,1,1,126.198355,1.701773,1.017018,False,,1.6997792321587086,0_0.0,-1,0,0,0,0,162.160474,193.061953,7590.151436,False,0.0,0.0,3.0,0.0,3.84382674182241
2021-12-29,976,20211229,7541.896104446891,7478.355673892207,7544.543622386699,7435.112880875883,,0,0,0,0,0,0,0,0,0,0,0,0,1,0,1,1,-63.540431,-0.842499,0.991575,False,,1.6997792321587086,0_0.0,-1,0,0,0,0,178.486834,191.035298,7595.010506,False,0.0,0.0,3.0,0.0,3.84382674182241
2021-12-30,977,20211230,7466.883096153188,7380.397510120431,7505.713359269958,7372.454956301143,,0,0,0,0,0,0,0,0,0,0,0,0,0,1,1,1,-86.485586,-1.158256,0.988417,False,,1.6997792321587086,0_0.0,-1,0,0,0,0,138.112186,187.600538,7599.111862,False,0.0,0.0,3.0,0.0,3.84382674182241
2021-12-31,978,20211231,7380.397510120448,7407.755195498135,7437.760398815662,7326.564645344995,,1,0,0,0,0,0,0,0,0,0,0,0,0,0,0,1,27.357685,0.37068,1.003707,False,,1.6997792321587086,0_0.0,-1,0,0,0,0,139.877198,188.259731,7598.782935,False,0.0,0.0,3.0,0.0,3.84382674182241
2022-01-04,979,20220104,7407.755195498151,7216.251397854211,7419.227773237219,7192.423736396256,,1,0,0,0,0,0,0,0,0,0,0,0,0,0,0,1,-191.503798,-2.58518,0.974148,False,,1.6997792321587086,0_0.0,-1,0,0,0,0,139.215318,185.321426,7583.31504,False,0.0,0.0,3.0,0.0,3.84382674182241
2022-01-05,980,20220105,7232.136505492894,7121.823258002138,7262.141708810404,7017.687552370923,,0,0,0,0,0,0,0,0,0,0,0,0,0,0,0,1,-110.313247,-1.52532,0.984747,False,,1.6997792321587086,0_0.0,-1,0,0,0,0,145.172234,188.959248,7564.966909,False,0.0,0.0,3.0,0.0,3.84382674182241
2022-01-06,981,20220106,7096.230584584303,7239.196553332285,7262.141708810404,7087.405524785071,,0,0,0,0,0,0,0,0,0,0,0,0,0,0,0,1,142.965969,2.014675,1.020147,False,,1.6997792321587086,0_0.0,-1,0,0,0,0,178.928087,184.829162,7551.788699,False,0.0,0.0,3.0,0.0,3.84382674182241
2022-01-07,982,20220107,7218.898915794006,7619.556630680354,7810.177922344401,7211.838867954626,,0,0,0,0,0,0,0,0,0,0,1,1,0,1,1,1,400.657715,5.550122,1.055501,True,,1.699439276312277,触发开仓_0.0,1,1,1,0,0,189.297532,185.7968,7552.568215,False,0.0,0.0,3.0,-0.0005999999999999339,3.841520445777317
2022-01-10,983,20220110,7587.786415403039,7616.02660676065,7653.091857917587,7545.426128366624,,0,0,0,0,0,0,0,0,0,1,0,1,0,0,1,1,28.240191,0.37218,1.003722,True,,1.706357207769701,0_7458.214187703323,2,1,1,0,0,311.083358,213.308867,7553.734826,False,7587.786415403039,7458.214187703323,3.0,0.012212142358688505,3.888433640334962
2022-01-11,984,20220111,7618.674124700447,7571.901307764354,7635.441738319068,7505.713359269957,,1,0,1,0,0,0,0,0,0,1,0,0,0,0,1,1,-46.772817,-0.613923,0.993861,True,,1.69825334520529,0_7458.214187703323,2,1,1,0,0,281.298781,214.481853,7556.135772,False,7587.786415403039,7458.214187703323,3.0,-0.01424765434958919,3.8330325818661546
2022-01-12,985,20220112,7582.491379523484,7483.650709771762,7600.141499122031,7428.052833036477,,1,1,1,0,0,0,0,0,0,1,0,0,0,0,0,1,-98.84067,-1.303538,0.986965,True,True,1.6700848536779795,平仓(止损)_7458.214187703323,3,0,0,0,0,252.617337,218.186625,7550.096981,False,7587.786415403039,7458.214187703323,3.0,-0.04976022854335416,3.642300004578372
2022-01-13,986,20220113,7496.88829947067,7449.232976554651,7524.245984848402,7368.92493238144,,1,1,1,0,0,0,0,0,0,1,0,0,0,0,0,1,-47.655323,-0.635668,0.993643,True,True,1.6700848536779795,0_0.0,-1,0,0,0,0,251.955457,199.498264,7544.304297,False,0.0,0.0,3.0,0.0,3.642300004578372
2022-01-14,987,20220114,7449.23297655467,7548.073646306353,7608.084052941365,7432.465362936106,,1,1,1,1,0,0,0,0,0,1,0,1,1,0,1,1,98.84067,1.326857,1.013269,True,True,1.6700848536779795,0_0.0,-1,0,0,0,0,141.200957,192.490128,7548.974862,False,0.0,0.0,3.0,0.0,3.642300004578372
2022-01-17,988,20220117,7574.54882570415,7312.444549666134,7574.54882570418,7281.556840368774,,1,1,1,1,0,0,0,0,0,0,0,0,0,0,0,0,-262.104276,-3.460329,0.965397,True,True,1.6700848536779795,0_0.0,-1,0,0,0,0,158.189197,187.662301,7546.911358,False,0.0,0.0,3.0,0.0,3.642300004578372
2022-01-18,989,20220118,7325.682139365042,7542.778610426798,7578.961355603809,7323.917127405219,,1,1,1,1,1,0,1,0,0,1,1,0,0,0,1,0,217.096471,2.963498,1.029635,True,True,1.6700848536779795,0_0.0,-1,0,0,0,0,199.005098,196.798833,7551.647659,False,0.0,0.0,3.0,0.0,3.642300004578372
2022-01-19,990,20220119,7536.601068567336,7603.671523041686,7628.38169047966,7460.705554293736,,0,1,1,1,1,0,1,0,0,1,1,0,0,0,1,0,67.070454,0.88993,1.008899,True,True,1.6700848536779795,0_0.0,-1,0,0,0,0,222.612133,196.539273,7556.743639,False,0.0,0.0,3.0,0.0,3.642300004578372
2022-01-20,991,20220120,7649.561833997855,7809.295416364424,7880.778400738473,7624.851666559957,,1,1,1,1,1,1,1,1,0,1,1,1,1,1,1,0,159.733582,2.08814,1.020881,True,,1.669750836707244,触发开仓_0.0,1,1,1,0,0,225.700904,198.979142,7562.366816,False,0.0,0.0,3.0,-0.0005999999999999339,3.640114624575625
2022-01-21,992,20220121,7809.295416364445,7895.781002397162,7902.841050236621,7770.465153247734,,1,1,1,1,1,1,1,1,0,1,1,1,1,1,1,1,86.485586,1.10747,1.011075,True,,1.688242822468043,0_7675.940607930532,2,1,1,0,0,251.072951,208.582884,7568.975949,False,7809.295416364445,7675.940607930532,3.0,0.03322409311786645,3.7610541318222332
2022-01-24,993,20220124,7895.781002397185,7837.535607722052,7958.438926971954,7776.642695107215,,1,1,1,1,1,1,1,1,1,1,1,1,1,1,1,1,-58.245395,-0.737677,0.992623,True,,1.6756003424070889,0_7675.940607930532,2,1,1,0,0,210.918929,204.429915,7573.352219,False,7809.295416364445,7675.940607930532,3.0,-0.022465630937744008,3.6765596777598377
2022-01-25,994,20220125,7836.653101742149,7834.888089782274,7879.013388778622,7727.222360231364,,1,1,1,1,1,1,1,1,1,1,1,1,0,1,1,1,-1.765012,-0.022523,0.999775,True,,1.6754116486748356,0_7675.940607930532,2,1,1,0,0,189.738786,208.686708,7576.26431,False,7809.295416364445,7675.940607930532,3.0,-0.0003378378378382507,3.67531759678762
2022-01-26,995,20220126,7835.770595762224,7840.183125661829,7854.303221340697,7774.877683147364,,1,1,1,1,1,1,1,1,1,1,1,1,1,1,1,1,4.41253,0.056313,1.000563,True,,1.6772985859973666,0_7675.940607930532,2,1,1,0,0,185.767509,209.776863,7578.786466,False,7809.295416364445,7675.940607930532,3.0,0.0033787588692426596,3.68773560871505
2022-01-27,996,20220127,7844.595655561484,7990.209142249235,8036.981959185363,7774.877683147363,,1,1,1,1,1,1,1,1,1,1,1,1,1,1,1,1,145.613487,1.856227,1.018562,True,,1.7084330518191195,0_7675.940607930532,2,1,1,0,0,136.347174,207.908026,7589.477286,False,7809.295416364445,7675.940607930532,3.0,0.05568680391495051,3.8930938184477455
2022-01-28,997,20220128,7990.20914224926,7872.835846919088,8002.564225968251,7782.820236966697,,1,1,1,1,1,1,1,1,1,1,1,1,1,1,1,1,-117.373295,-1.468964,0.98531,True,,1.677109892265113,0_7675.940607930532,2,1,1,0,0,168.779269,209.984511,7592.290154,False,7809.295416364445,7675.940607930532,3.0,-0.055003313452617886,3.678960758851215
2022-02-07,998,20220207,7843.713149581558,8190.537999692417,8254.960936227066,7832.240571842549,,1,1,1,1,1,1,1,1,1,1,1,1,1,1,1,1,346.82485,4.421692,1.044217,True,,1.7512665290405625,0_7675.940607930532,2,1,1,0,0,178.266208,208.530972,7600.465392,False,7809.295416364445,7675.940607930532,3.0,0.13265076507650853,4.1669777181992815
2022-02-08,999,20220208,8190.537999692444,8013.154297727307,8206.42310733114,7974.324034610622,,1,1,1,1,1,1,1,1,1,1,1,1,1,1,1,1,-177.383702,-2.165715,0.978343,True,,1.707300889425602,0_7675.940607930532,2,1,1,0,0,245.998542,223.118277,7605.340873,False,7809.295416364445,7675.940607930532,3.0,-0.07531516000430927,3.8531411246187113
2022-02-09,1000,20220209,7984.914106369706,7949.613867172641,8037.864465165289,7889.603460537734,,1,1,1,1,1,1,1,1,1,1,1,1,1,1,1,1,-35.300239,-0.442087,0.995579,True,,1.700319221332239,0_7675.940607930532,2,1,1,0,0,284.166925,201.574748,7609.593948,False,7809.295416364445,7675.940607930532,3.0,-0.0122679045092845,3.805871157241092
2022-02-10,1001,20220210,7952.261385112448,7924.02119375479,7997.269190088697,7875.483364858918,,1,1,1,1,1,1,1,1,1,1,1,1,1,1,1,1,-28.240191,-0.355122,0.996449,True,,1.6942810219001416,0_7675.940607930532,2,1,1,0,0,255.706108,203.962706,7613.678441,False,7809.295416364445,7675.940607930532,3.0,-0.010653645544334234,3.7653247549444404
2022-02-11,1002,20220211,7924.021193754819,7905.488568176346,8011.389285767512,7801.352862545141,,1,1,1,1,1,1,1,1,1,1,1,1,1,1,1,1,-18.532626,-0.233879,0.997661,True,,1.6954131842936595,0_7675.940607930532,2,1,1,0,0,231.216567,203.495497,7617.830907,False,7809.295416364445,7675.940607930532,3.0,0.00200467758102163,3.7728730170659435
2022-02-14,1003,20220214,7929.316229634374,8059.927114663381,8106.699931599512,7864.893293099806,,1,1,1,1,1,1,1,1,1,1,1,1,1,1,1,1,130.610885,1.64719,1.016472,True,,1.721075531880075,0_7675.940607930532,2,1,1,0,0,178.045581,205.727718,7622.287829,False,7809.295416364445,7675.940607930532,3.0,0.0454090150250428,3.9441954645854693
2022-02-15,1004,20220215,8049.3370429043,8122.585039238121,8126.997569137808,8019.331839586842,,1,1,1,1,1,1,1,1,1,1,1,1,1,1,1,1,73.247996,0.909988,1.0091,True,,1.736548417924825,0_7675.940607930532,2,1,1,0,0,180.472473,210.815105,7632.44137,False,7809.295416364445,7675.940607930532,3.0,0.0269707268939805,4.050573283277281
2022-02-16,1005,20220216,8121.702533258225,8196.715541551897,8223.190720949733,8080.22475220173,,1,1,1,1,1,1,1,1,1,1,1,1,1,1,1,1,75.013008,0.923612,1.009236,True,,1.7463604920019835,0_7675.940607930532,2,1,1,0,0,170.323654,206.817872,7643.810532,False,7809.295416364445,7675.940607930532,3.0,0.01695099424100799,4.1192345276748945
2022-02-17,1006,20220217,8167.592844214372,8184.360457832934,8205.540601351215,8140.235158836693,,1,1,1,1,1,1,1,1,1,1,1,1,1,1,1,1,16.767614,0.205294,1.002053,True,,1.7501343666470444,0_7675.940607930532,2,1,1,0,0,175.61869,197.992812,7656.05776,False,7809.295416364445,7675.940607930532,3.0,0.006482982171798657,4.1459394516792685
2022-02-18,1007,20220218,8185.242963812891,8389.101845175746,8409.399482714103,8185.242963812914,,1,1,1,1,1,1,1,1,1,1,1,1,1,1,1,1,203.858881,2.490566,1.024906,True,,1.793722618797499,0_7675.940607930532,2,1,1,0,0,139.435945,186.15685,7675.222271,False,7809.295416364445,7675.940607930532,3.0,0.07471698113207559,4.455711531465116
2022-02-21,1008,20220221,8389.101845175777,8273.493561805451,8389.101845175806,8191.420505672396,,1,1,1,1,1,1,1,1,1,1,1,1,1,1,1,1,-115.608283,-1.378077,0.986219,True,,1.7690037398723493,0_7846.992736139524,2,1,1,0,0,135.244042,189.531137,7688.832607,False,7809.295416364445,7846.992736139524,3.0,-0.0413423101199244,4.271502123526362
2022-02-22,1009,20220222,8273.49356180548,8302.616259143006,8487.94251492751,8239.958334568322,,1,1,1,1,1,1,1,1,1,1,1,1,1,1,1,1,29.122697,0.352,1.00352,True,,1.7752306330366998,0_7837.166443316012,2,1,1,0,0,157.747944,184.859047,7702.090936,False,7809.295416364445,7837.166443316012,3.0,0.010559999999999903,4.3166091859508
2022-02-23,1010,20220223,8302.616259143037,8273.493561805451,8364.39167773788,8255.84344220699,,1,1,1,1,1,1,1,1,1,1,1,1,1,1,1,1,-29.122697,-0.350765,0.996492,True,,1.7661733338885537,0_7850.772080429217,2,1,1,0,0,184.002497,191.659534,7714.46168,False,7809.295416364445,7850.772080429217,3.0,-0.01530612244897911,4.250538637186249
2022-02-24,1011,20220224,8260.255972106592,8331.738956480562,8380.276785376545,8224.955732909582,,1,1,1,1,1,1,1,1,1,1,1,1,1,1,1,1,71.482984,0.865385,1.008654,True,,1.7790045076817604,0_7830.968318447948,2,1,1,0,0,194.813195,187.350828,7729.103429,False,7809.295416364445,7830.968318447948,3.0,0.021794871794870385,4.343178581842866
2022-02-25,1012,20220225,8320.266378741553,8236.428310648564,8352.036594018917,8140.235158836695,,1,1,1,1,1,1,1,1,1,1,1,1,1,1,1,1,-83.838068,-1.007637,0.989924,True,,1.7610786031177208,0_7843.51574160621,2,1,1,0,0,177.383702,187.558477,7743.688818,False,7809.295416364445,7843.51574160621,3.0,-0.03022910479422969,4.211888181352284
2022-02-28,1013,20220228,8236.428310648591,8386.45432723597,8476.469937188473,8190.537999692472,,1,1,1,1,1,1,1,1,1,1,1,1,1,1,1,1,150.026017,1.821494,1.018215,True,,1.7931565376007397,0_7842.911045005563,2,1,1,0,0,180.913726,195.345294,7755.248404,False,7809.295416364445,7842.911045005563,3.0,0.054644808743169904,4.442046005469898
2022-03-01,1014,20220301,8386.454327235997,8559.42549930145,8562.073017241286,8362.626665778027,,1,1,1,1,1,1,1,1,1,1,1,1,1,1,1,1,172.971172,2.062507,1.020625,True,,1.833536996302892,0_7820.23498217952,2,1,1,0,0,190.400665,196.746921,7769.390164,False,7809.295416364445,7820.23498217952,3.0,0.0675576133852458,4.742140032146908
2022-03-02,1015,20220302,8575.310606940144,8633.556001615227,8641.498555434619,8516.182706285137,,1,1,1,1,1,1,1,1,1,1,1,1,1,1,1,1,58.245395,0.679222,1.006792,True,,1.8403299706640024,0_8002.3620528099245,2,1,1,0,0,213.125194,195.552943,7786.025278,False,7809.295416364445,8002.362052809924,3.0,0.01111454152516278,4.794846744452342
2022-03-03,1016,20220303,8607.080822217476,8735.044189306707,8819.764763379655,8524.12526010447,,1,1,1,1,1,1,1,1,1,1,1,1,1,1,1,1,127.963367,1.486722,1.014867,True,,1.8541046131184744,0_8064.084442018321,2,1,1,0,0,205.623893,178.058559,7804.671085,False,7809.295416364445,8064.084442018321,3.0,0.022454629344816013,4.902513250864217
2022-03-04,1017,20220304,8671.503758752067,8717.394069708189,8721.806599607879,8614.140870056914,,1,1,1,1,1,1,1,1,1,1,1,1,1,1,1,1,45.890311,0.529208,1.005292,True,,1.869954886627731,0_8216.518189453524,2,1,1,0,0,226.58341,181.796232,7824.050916,False,7809.295416364445,8216.518189453524,3.0,0.025646244657032913,5.028244305130227
2022-03-07,1018,20220307,8745.634261065845,9027.153668662186,9041.273764341062,8745.634261065876,,1,1,1,1,1,1,1,1,1,1,1,1,1,1,1,1,281.519408,3.218971,1.03219,True,,1.925996925106887,0_8216.22374860999,2,1,1,0,0,185.326256,180.186956,7857.12724,False,7809.295416364445,8216.22374860999,3.0,0.0899091826437941,5.480329640737798
2022-03-08,1019,20220308,9007.738537103844,9381.038566612477,9412.808781889877,8910.662879312024,,1,1,1,1,1,1,1,1,1,1,1,1,1,1,1,1,373.30003,4.144215,1.041442,True,,1.9797746387990065,0_8502.429543940938,2,1,1,0,0,216.434592,192.074831,7900.158232,False,7809.295416364445,8502.429543940938,3.0,0.08376604291172751,5.9393951685942525
2022-03-09,1020,20220309,9259.25274138273,8932.725528810111,9266.312789222173,8874.480134135061,,1,1,1,1,1,1,1,1,1,1,1,1,1,1,1,1,-326.527213,-3.526496,0.964735,True,,1.885427772672481,0_8821.695649595462,2,1,1,0,0,310.642105,209.257741,7931.134192,False,7809.295416364445,8821.695649595462,3.0,-0.14296606938619927,5.09026318680895
2022-03-10,1021,20220310,8817.999751419771,8841.827412877741,8946.845624488988,8666.208722872543,,1,1,1,1,1,1,1,1,1,1,1,1,1,1,1,1,23.827661,0.270216,1.002702,True,True,1.8751438849962656,平仓(止损)_8771.657136208765,3,0,0,0,0,363.371837,224.831376,7961.421797,False,7809.295416364445,8771.657136208765,3.0,-0.0163632166003983,5.006970107730162
2022-03-11,1022,20220311,8841.827412877772,8607.963328197375,8878.010158054765,8586.78318467921,,1,1,1,1,1,1,1,1,1,1,1,1,1,1,1,1,-233.864085,-2.644975,0.97355,True,True,1.8751438849962656,0_0.0,-1,0,0,0,0,403.305233,235.006151,7985.46126,False,0.0,0.0,3.0,0.0,5.006970107730162
2022-03-14,1023,20220314,8472.057407288812,8378.511773416636,8600.903280358025,8306.146283062768,,1,1,1,1,1,1,1,1,1,1,1,1,1,1,1,1,-93.545634,-1.104167,0.988958,True,True,1.8751438849962656,0_0.0,-1,0,0,0,0,395.142052,243.727387,8003.676184,False,0.0,0.0,3.0,0.0,5.006970107730162
2022-03-15,1024,20220315,8303.498765122962,7993.739166168936,8329.091438540841,7986.679118329584,,0,1,0,1,1,1,1,1,1,0,0,0,1,1,1,1,-309.759599,-3.730471,0.962695,True,True,1.8751438849962656,0_0.0,-1,0,0,0,0,345.059838,257.639834,8015.237012,False,0.0,0.0,3.0,0.0,5.006970107730162
2022-03-16,1025,20220316,8108.464943559335,8147.295206676046,8295.556211303656,8108.464943559361,,0,0,0,1,0,1,1,1,1,0,0,1,1,1,1,1,38.830263,0.478886,1.004789,True,True,1.8751438849962656,0_0.0,-1,0,0,0,0,316.378394,267.451224,8027.344994,False,0.0,0.0,3.0,0.0,5.006970107730162
2022-03-17,1026,20220317,8145.530194716224,8181.712939893157,8229.368262809212,7963.73396285151,,0,0,0,0,0,1,1,1,1,0,0,1,1,1,1,1,36.182745,0.444204,1.004442,True,True,1.8751438849962656,0_0.0,-1,0,0,0,0,321.673429,273.576854,8041.412139,False,0.0,0.0,3.0,0.0,5.006970107730162
2022-03-18,1027,20220318,8212.600649190596,8152.590242555601,8271.728549845657,8101.404895719953,,0,0,0,0,0,1,1,1,1,0,0,1,1,1,1,1,-60.010407,-0.730711,0.992693,True,True,1.8751438849962656,0_0.0,-1,0,0,0,0,315.275261,274.615096,8056.855994,False,0.0,0.0,3.0,0.0,5.006970107730162
2022-03-21,1028,20220321,8138.470146876819,8205.540601351157,8293.791199343805,8108.464943559361,,0,0,0,0,0,0,0,1,1,0,0,1,1,1,1,1,67.070454,0.824116,1.008241,True,True,1.8751438849962656,0_0.0,-1,0,0,0,0,282.401913,278.248944,8072.811702,False,0.0,0.0,3.0,0.0,5.006970107730162
2022-03-22,1029,20220322,8225.838238889484,8394.396881055303,8423.519578392916,8196.715541551952,,0,0,0,0,0,0,0,1,1,0,1,1,1,1,1,1,168.558642,2.049136,1.020491,True,True,1.8751438849962656,0_0.0,-1,0,0,0,0,230.775314,280.013956,8096.374612,False,0.0,0.0,3.0,0.0,5.006970107730162
2022-03-23,1030,20220323,8333.503968440446,8645.028579354263,8683.858842471063,8320.266378741582,,0,0,0,0,0,0,0,0,1,1,1,1,1,1,1,1,311.524611,3.738219,1.037382,True,True,1.8751438849962656,0_0.0,-1,0,0,0,0,212.022062,280.896462,8126.838718,False,0.0,0.0,3.0,0.0,5.006970107730162
2022-03-24,1031,20220324,8658.266169053182,8675.033782671742,8793.289583981878,8595.60824447847,,0,0,0,0,0,0,0,0,1,0,1,1,1,1,1,1,16.767614,0.19366,1.001937,True,True,1.8751438849962656,0_0.0,-1,0,0,0,0,236.511603,285.464728,8155.555463,False,0.0,0.0,3.0,0.0,5.006970107730162
2022-03-25,1032,20220325,8652.088627193702,8821.529775339444,8824.177293279285,8573.545594980322,,1,0,0,0,0,0,0,0,1,1,1,1,1,1,1,1,169.441148,1.958384,1.019584,True,True,1.8751438849962656,0_0.0,-1,0,0,0,0,243.351024,285.360904,8179.594926,False,0.0,0.0,3.0,0.0,5.006970107730162
2022-03-28,1033,20220328,8869.185098255479,8709.451515888853,8950.375648408692,8620.318411916396,,1,0,0,0,0,0,0,0,1,0,1,1,1,1,1,1,-159.733582,-1.800995,0.98199,True,True,1.8751438849962656,0_0.0,-1,0,0,0,0,259.677385,292.732425,8201.463424,False,0.0,0.0,3.0,0.0,5.006970107730162
2022-03-29,1034,20220329,8698.861444129776,8736.809201266557,8842.709918857729,8615.905882016767,,1,1,0,0,1,1,0,0,0,0,1,1,1,1,1,1,37.947757,0.436238,1.004362,True,True,1.8751438849962656,0_0.0,-1,0,0,0,0,285.490684,294.756997,8224.761582,False,0.0,0.0,3.0,0.0,5.006970107730162
2022-03-30,1035,20220330,8712.66566989219,8622.38985692701,8900.565327110375,8607.693794351348,,1,1,0,0,1,1,0,0,0,0,0,1,1,1,1,1,-90.275813,-1.036145,0.989639,True,True,1.8751438849962656,0_0.0,-1,0,0,0,0,251.293578,300.986451,8247.536365,False,0.0,0.0,3.0,0.0,5.006970107730162
2022-03-31,1036,20220331,8597.196606797233,8700.069044827253,8780.897388993784,8490.125293745574,,1,1,0,0,1,1,0,1,0,0,0,1,1,1,1,1,102.872438,1.196581,1.011966,True,True,1.8751438849962656,0_0.0,-1,0,0,0,0,275.091126,299.162442,8272.553086,False,0.0,0.0,3.0,0.0,5.006970107730162
2022-04-01,1037,20220401,8700.069044827285,9096.862734371738,9098.96217188262,8697.969607316498,,1,1,1,1,1,1,1,1,0,1,1,1,1,1,1,1,396.79369,4.560811,1.045608,True,,1.8747688562192664,触发开仓_0.0,1,1,1,0,0,285.126225,286.728688,8303.528868,False,0.0,0.0,3.0,-0.0005999999999999339,5.003965925665524
2022-04-06,1038,20220406,9329.900298072504,9325.701423050834,9386.585110864606,9128.354297034064,,1,1,1,1,1,1,1,1,0,1,1,1,1,1,1,1,-4.198875,-0.045005,0.99955,True,True,1.8423859649243812,平仓(止损)_9170.579002024493,3,0,0,0,0,302.860057,280.518931,8343.794005,False,9329.900298072504,9170.579002024491,3.0,-0.05181901414799972,4.744665344567354
2022-04-07,1039,20220407,9271.116047769618,9097.912453127146,9424.374986059318,9027.581296514829,,1,1,1,1,1,1,1,1,1,1,0,1,1,1,1,1,-173.203595,-1.868207,0.981318,True,True,1.8423859649243812,0_0.0,-1,0,0,0,0,318.589642,281.053371,8374.896682,False,0.0,0.0,3.0,0.0,4.744665344567354
2022-04-08,1040,20220408,9080.067234285234,9375.03820455504,9394.982860907874,9006.586921406655,,1,1,1,1,1,1,1,1,1,1,1,1,1,1,1,1,294.97097,3.248555,1.032486,True,True,1.8423859649243812,0_0.0,-1,0,0,0,0,344.570181,287.263178,8410.324016,False,0.0,0.0,3.0,0.0,4.744665344567354
2022-04-11,1041,20220411,9501.004455204122,9568.18645555024,9675.257768601996,9461.115142498622,,1,1,1,1,1,1,1,1,1,1,1,1,1,1,1,1,67.182,0.707104,1.007071,True,True,1.8423859649243812,0_0.0,-1,0,0,0,0,368.976143,292.356054,8445.501836,False,0.0,0.0,3.0,0.0,4.744665344567354
2022-04-12,1042,20220412,9657.412549760018,9549.291517952885,9657.412549760047,9469.512892541892,,1,1,1,1,1,1,1,1,1,1,1,1,1,1,1,1,-108.121032,-1.119565,0.988804,True,True,1.8423859649243812,0_0.0,-1,0,0,0,0,343.782893,286.967049,8478.572047,False,0.0,0.0,3.0,0.0,4.744665344567354
2022-04-13,1043,20220413,9573.43504932732,9250.121672661406,9676.307487357402,9237.52504759657,,1,1,1,1,1,1,1,1,1,1,1,1,1,1,1,1,-323.313377,-3.377193,0.966228,True,True,1.8423859649243812,0_0.0,-1,0,0,0,0,318.327213,280.266026,8506.823768,False,0.0,0.0,3.0,0.0,4.744665344567354
2022-04-14,1044,20220414,9290.010985366973,9245.92279763977,9461.115142498618,9193.436859869404,,1,1,1,1,1,1,1,1,1,1,1,0,1,1,1,1,-44.088188,-0.474576,0.995254,True,True,1.8423859649243812,0_0.0,-1,0,0,0,0,328.8244,290.451211,8535.044462,False,0.0,0.0,3.0,0.0,4.744665344567354
2022-04-15,1045,20220415,9256.419985193896,9237.525047596502,9384.485673353784,9153.547547163873,,1,1,1,1,1,1,1,1,1,1,1,1,1,1,1,1,-18.894938,-0.204128,0.997959,True,True,1.8423859649243812,0_0.0,-1,0,0,0,0,298.644986,296.177954,8562.991301,False,0.0,0.0,3.0,0.0,4.744665344567354
2022-04-18,1046,20220418,9272.165766525026,9157.746422185442,9380.286798332148,9111.558796947524,,0,1,1,1,1,1,1,1,1,1,1,1,1,1,1,1,-114.419344,-1.234009,0.98766,True,True,1.8423859649243812,0_0.0,-1,0,0,0,0,281.324627,298.861005,8586.342046,False,0.0,0.0,3.0,0.0,4.744665344567354
2022-04-19,1047,20220419,9148.2989533868,9200.7848911572,9290.010985367,9148.298953386831,,0,1,1,1,1,1,1,1,1,1,1,1,1,1,1,1,52.485938,0.573723,1.005737,True,True,1.8423859649243812,0_0.0,-1,0,0,0,0,301.531713,301.32712,8612.901027,False,0.0,0.0,3.0,0.0,4.744665344567354
2022-04-20,1048,20220420,9219.679828754592,9172.442484761164,9338.2980481158,9111.558796947524,,0,0,1,1,1,1,1,1,1,1,1,1,1,1,1,1,-47.237344,-0.512353,0.994876,True,True,1.8423859649243812,0_0.0,-1,0,0,0,0,227.264111,288.27533,8632.539117,False,0.0,0.0,3.0,0.0,4.744665344567354
2022-04-21,1049,20220421,9200.784891157236,9146.199515875947,9248.022235150653,9119.956546990796,,0,0,0,1,1,1,1,1,1,1,1,1,0,1,1,1,-54.585375,-0.593269,0.994067,True,True,1.8423859649243812,0_0.0,-1,0,0,0,0,217.029353,289.984619,8655.200021,False,0.0,0.0,3.0,0.0,4.744665344567354
2022-04-22,1050,20220422,9175.591641027426,8929.957452261757,9220.729547510024,8901.615045865785,,0,0,0,0,1,1,1,1,1,1,1,1,0,1,1,1,-245.634189,-2.677039,0.97323,True,True,1.8423859649243812,0_0.0,-1,0,0,0,0,191.311243,282.774854,8674.806893,False,0.0,0.0,3.0,0.0,4.744665344567354
2022-04-25,1051,20220425,8891.117858311667,9071.66948424193,9155.646984674686,8833.383326764219,,0,0,0,0,1,1,1,1,1,1,1,1,1,1,1,1,180.551626,2.030697,1.020307,True,True,1.8423859649243812,0_0.0,-1,0,0,0,0,203.907868,282.131164,8697.759859,False,0.0,0.0,3.0,0.0,4.744665344567354
2022-04-26,1052,20220426,9082.16667179605,9562.937861773198,9582.882518126027,9003.437765140428,,0,0,0,0,1,1,1,1,1,1,1,1,1,1,1,1,480.77119,5.293574,1.052936,True,True,1.8423859649243812,0_0.0,-1,0,0,0,0,249.045775,287.746435,8730.908845,False,0.0,0.0,3.0,0.0,4.744665344567354
2022-04-27,1053,20220427,9597.578580701722,9734.042018904816,9758.18555027928,9492.606705160882,,1,0,1,0,1,1,1,1,1,1,1,1,1,1,1,1,136.463438,1.421853,1.014219,True,True,1.8420174877313968,触发开仓_0.0,1,1,1,0,0,337.22215,304.603684,8764.391143,False,0.0,0.0,3.0,-0.0005999999999992678,4.7418185453606165
2022-04-28,1054,20220428,9734.042018904853,9824.317831869965,9936.63773869876,9685.754956156085,,1,1,1,0,1,1,1,1,1,1,1,1,1,1,1,1,90.275813,0.927424,1.009274,True,,1.8493672825169096,0_9567.819429092384,2,1,1,0,0,371.600439,303.121728,8798.425798,False,9734.042018904853,9567.819429092384,3.0,0.011970236169524417,4.798579233221614
2022-04-29,1055,20220429,9772.881612854972,9865.256863330904,9927.19026990008,9657.412549760047,,1,1,1,1,1,1,1,1,1,1,1,1,1,1,1,1,92.37525,0.94522,1.009452,True,,1.9109466442333691,0_9567.819429092384,2,1,1,0,0,354.54251,294.291741,8831.796625,False,9734.042018904853,9567.819429092384,3.0,0.09989258861439243,5.277921734499387
2022-05-05,1056,20220505,10098.29442703167,9867.35630084172,10116.13964587365,9824.317831870032,,1,1,1,1,1,1,1,1,1,1,1,1,1,1,1,1,-230.938126,-2.286902,0.977131,True,,1.858306222120912,0_9567.819429092384,2,1,1,0,0,341.421025,293.118525,8865.456542,False,9734.042018904853,9567.819429092384,3.0,-0.0826403326403321,4.841752526710719
2022-05-06,1057,20220506,9820.118956848364,9883.10208217285,9972.328176382653,9709.898487530483,,1,1,1,1,1,1,1,1,1,1,1,1,1,1,1,1,62.983125,0.641368,1.006414,True,,1.8755881720219827,0_9567.819429092384,2,1,1,0,0,269.51529,286.943709,8895.336547,False,9734.042018904853,9567.819429092384,3.0,0.02789951897381071,4.976835093196181
2022-05-09,1058,20220509,9911.44448856892,9671.058893580292,9930.339426166303,9611.224924522065,,1,1,1,1,1,1,1,1,1,1,1,1,1,1,1,1,-240.385595,-2.425334,0.975747,True,,1.821557248193347,0_9567.819429092384,2,1,1,0,0,268.728002,279.53393,8923.287853,False,9734.042018904853,9567.819429092384,3.0,-0.0864223681423425,4.546725218588251
2022-05-10,1059,20220510,9625.920987097756,9675.257768601929,9749.787800236008,9501.00445520415,,1,1,1,1,1,1,1,1,1,1,1,1,1,1,1,1,49.336782,0.512541,1.005125,True,True,1.8102003109788576,平仓(止损)_9567.819429092384,3,0,0,0,0,285.785931,280.645397,8950.740683,False,9734.042018904853,9567.819429092384,3.0,-0.018704222267656112,4.461682259509819
2022-05-11,1060,20220511,9629.07014336398,9901.997019770206,9907.245613547311,9563.987580528674,,1,1,1,1,1,1,1,1,1,1,1,1,1,1,1,1,272.926876,2.834405,1.028344,True,True,1.8102003109788576,0_0.0,-1,0,0,0,0,280.537338,284.22679,8983.310752,False,0.0,0.0,3.0,0.0,4.461682259509819
2022-05-12,1061,20220512,9938.737176209546,9886.251238439076,9982.825363936738,9814.870363071352,,1,1,1,1,1,1,1,1,1,1,1,1,1,1,1,1,-52.485938,-0.528095,0.994719,True,True,1.8102003109788576,0_0.0,-1,0,0,0,0,293.396392,278.607707,9014.400998,False,0.0,0.0,3.0,0.0,4.461682259509819
2022-05-13,1062,20220513,9898.847863504016,9808.572050538833,10031.11242668554,9786.527956675318,,0,1,1,1,1,1,1,1,1,1,1,1,1,1,1,1,-90.275813,-0.911983,0.99088,True,True,1.8102003109788576,0_0.0,-1,0,0,0,0,269.77772,272.741632,9045.843873,False,0.0,0.0,3.0,0.0,4.461682259509819
2022-05-16,1063,20220516,9762.384425300885,9707.799050019596,9834.815019424112,9659.511987270866,,0,0,1,1,1,1,1,1,1,1,1,1,1,1,1,1,-54.585375,-0.55914,0.994409,True,True,1.8102003109788576,0_0.0,-1,0,0,0,0,251.145212,273.544358,9072.270767,False,0.0,0.0,3.0,0.0,4.461682259509819
2022-05-17,1064,20220517,9705.699612508815,9781.279362898204,9907.245613547311,9683.655518645266,,0,0,1,1,1,1,1,1,1,1,1,1,1,1,1,1,75.57975,0.778715,1.007787,True,True,1.8102003109788576,0_0.0,-1,0,0,0,0,232.775134,268.048772,9096.707845,False,0.0,0.0,3.0,0.0,4.461682259509819
2022-05-18,1065,20220518,9762.384425300885,9555.589830485336,9788.62739418613,9547.192080442135,,0,0,1,1,1,1,1,1,1,1,1,1,1,1,1,1,-206.794595,-2.11828,0.978817,True,True,1.8102003109788576,0_0.0,-1,0,0,0,0,202.858149,272.865128,9115.148521,False,0.0,0.0,3.0,0.0,4.461682259509819
2022-05-19,1066,20220519,9620.67239332071,9691.003549933055,9741.390050192738,9560.838424262449,,0,0,0,0,1,1,1,1,1,1,1,1,1,1,1,1,70.331157,0.731042,1.00731,True,True,1.8102003109788576,0_0.0,-1,0,0,0,0,221.228228,273.729603,9134.267708,False,0.0,0.0,3.0,0.0,4.461682259509819
2022-05-20,1067,20220520,9665.810299803285,9846.361925733543,9877.85348839587,9665.81029980332,,0,0,0,0,1,1,1,1,1,1,1,1,1,1,1,1,180.551626,1.867941,1.018679,True,True,1.8102003109788576,0_0.0,-1,0,0,0,0,206.532165,277.125752,9156.847066,False,0.0,0.0,3.0,0.0,4.461682259509819
2022-05-23,1068,20220523,9835.864738179494,9556.639549240745,9835.864738179522,9527.24742408937,,0,0,0,0,1,1,1,1,1,0,1,1,1,1,1,1,-279.225189,-2.838847,0.971612,True,True,1.8102003109788576,0_0.0,-1,0,0,0,0,215.717205,270.827439,9167.436783,False,0.0,0.0,3.0,0.0,4.461682259509819
2022-05-24,1069,20220524,9574.48476808273,9640.617049673438,9674.208049846582,9423.32526730391,,0,0,0,0,1,1,1,1,1,0,1,1,1,1,1,1,66.132282,0.690714,1.006907,True,True,1.8102003109788576,0_0.0,-1,0,0,0,0,239.598306,270.642195,9172.628353,False,0.0,0.0,3.0,0.0,4.461682259509819
2022-05-25,1070,20220525,9625.920987097756,9618.572955809856,9707.79905001966,9562.937861773267,,0,0,0,0,0,1,1,1,1,0,1,1,1,1,1,1,-7.348031,-0.076336,0.999237,True,True,1.8102003109788576,0_0.0,-1,0,0,0,0,241.960173,251.31502,9186.345301,False,0.0,0.0,3.0,0.0,4.461682259509819
2022-05-26,1071,20220526,9636.418174651842,9389.734267130762,9656.362831004632,9376.08792331052,,0,0,0,0,0,1,0,1,1,0,1,1,0,1,1,1,-246.683908,-2.559913,0.974401,True,True,1.8102003109788576,0_0.0,-1,0,0,0,0,231.725415,244.213981,9197.303438,False,0.0,0.0,3.0,0.0,4.461682259509819
2022-05-27,1072,20220527,9389.7342671308,9387.634829619945,9443.269923656668,9256.419985193928,,0,0,0,0,0,1,0,1,1,0,0,1,0,1,1,1,-2.099438,-0.022359,0.999776,True,True,1.8102003109788576,0_0.0,-1,0,0,0,0,248.783345,245.94293,9212.896868,False,0.0,0.0,3.0,0.0,4.461682259509819
2022-05-30,1073,20220530,9342.496923137409,9180.840234804433,9371.889048288876,9175.591641027457,,0,0,0,0,0,0,0,1,1,0,0,1,0,1,1,1,-161.656688,-1.730337,0.982697,True,True,1.8102003109788576,0_0.0,-1,0,0,0,0,215.717204,241.064825,9228.943438,False,0.0,0.0,3.0,0.0,4.461682259509819
2022-05-31,1074,20220531,9164.04473471793,9293.16014163316,9330.950016827936,9161.945297207145,,0,0,0,0,0,0,0,0,1,0,0,1,1,1,1,1,129.115407,1.408935,1.014089,True,True,1.8102003109788576,0_0.0,-1,0,0,0,0,206.007306,236.371965,9254.931857,False,0.0,0.0,3.0,0.0,4.461682259509819
2022-06-01,1075,20220601,9254.320547683075,9243.823360128952,9389.734267130823,9229.1272975533,,0,0,0,0,0,0,0,0,1,0,0,1,1,1,1,1,-10.497188,-0.11343,0.998866,True,True,1.8102003109788576,0_0.0,-1,0,0,0,0,212.043189,230.876378,9276.86242,False,0.0,0.0,3.0,0.0,4.461682259509819
2022-06-02,1076,20220602,9217.580391243771,9297.359016654797,9337.248329360393,9216.530672488396,,0,0,0,0,0,0,0,0,0,0,0,1,1,1,1,1,79.778625,0.865505,1.008655,True,True,1.8102003109788576,0_0.0,-1,0,0,0,0,182.126204,221.552406,9299.175342,False,0.0,0.0,3.0,0.0,4.461682259509819
2022-06-06,1077,20220606,9298.408735410245,9548.241799197474,9554.540111729992,9298.408735410276,,0,0,0,0,0,0,0,0,0,0,0,0,1,1,1,1,249.833064,2.686837,1.026868,True,True,1.8102003109788576,0_0.0,-1,0,0,0,0,165.593134,214.01913,9327.088373,False,0.0,0.0,3.0,0.0,4.461682259509819
2022-06-07,1078,20220607,9492.606705160852,9388.684548375351,9499.95473644874,9371.889048288884,,0,0,0,0,0,0,0,0,0,0,0,0,1,1,1,1,-103.922157,-1.094769,0.989052,True,True,1.8102003109788576,0_0.0,-1,0,0,0,0,176.877611,208.955781,9350.751252,False,0.0,0.0,3.0,0.0,4.461682259509819
2022-06-08,1079,20220608,9429.62357983633,9239.62448510732,9441.170486145851,9218.630109999214,,0,0,0,0,0,0,0,0,0,0,0,0,1,1,1,0,-189.999095,-2.014917,0.979851,True,True,1.8102003109788576,0_0.0,-1,0,0,0,0,178.714618,209.449766,9367.655804,False,0.0,0.0,3.0,0.0,4.461682259509819
2022-06-09,1080,20220609,9242.773641373582,9237.5250475965,9302.607610431904,9190.28770360318,,0,0,0,0,0,0,0,0,0,0,0,0,1,0,1,1,-5.248594,-0.056786,0.999432,True,True,1.8102003109788576,0_0.0,-1,0,0,0,0,194.19797,208.153055,9379.505733,False,0.0,0.0,3.0,0.0,4.461682259509819
2022-06-10,1081,20220610,9245.922797639809,9216.530672488328,9296.30929789945,9083.216390551492,,0,0,0,0,0,0,0,0,0,0,0,0,1,0,1,1,-29.392125,-0.317893,0.996821,True,True,1.8102003109788576,0_0.0,-1,0,0,0,0,192.098532,204.448165,9390.335671,False,0.0,0.0,3.0,0.0,4.461682259509819
2022-06-13,1082,20220613,9185.039109826104,9318.35339176297,9343.546641892844,9162.995015962551,,0,0,0,0,0,0,0,0,0,0,0,0,0,0,1,1,133.314282,1.451429,1.014514,True,True,1.8102003109788576,0_0.0,-1,0,0,0,0,181.076485,203.830683,9400.272143,False,0.0,0.0,3.0,0.0,4.461682259509819
2022-06-14,1083,20220614,9313.104797985963,9197.63573489097,9361.391860734791,9176.641359782869,,0,0,0,0,0,0,0,0,0,0,0,0,0,0,1,1,-115.469063,-1.239856,0.987601,True,True,1.8102003109788576,0_0.0,-1,0,0,0,0,182.126204,200.24929,9410.035828,False,0.0,0.0,3.0,0.0,4.461682259509819
2022-06-15,1084,20220615,9167.193890984156,9345.646079403594,9390.783985886235,9144.100078365196,,0,0,0,0,0,0,0,0,0,0,0,0,0,1,1,1,178.452188,1.946639,1.019466,True,True,1.8102003109788576,0_0.0,-1,0,0,0,0,172.678735,200.187542,9422.212565,False,0.0,0.0,3.0,0.0,4.461682259509819
2022-06-16,1085,20220616,9366.640454511808,9243.82336012895,9426.474423570133,9219.679828754624,,0,0,0,0,0,0,0,0,0,0,0,0,0,1,1,1,-122.817094,-1.311218,0.986888,True,True,1.8102003109788576,0_0.0,-1,0,0,0,0,206.269735,202.225231,9434.641235,False,0.0,0.0,3.0,0.0,4.461682259509819
2022-06-17,1086,20220617,9242.77364137358,9234.375891330274,9342.496923137434,9195.536297380222,,0,0,0,0,0,0,0,0,0,0,0,0,0,1,1,1,-8.39775,-0.090857,0.999091,True,True,1.8102003109788576,0_0.0,-1,0,0,0,0,204.695157,195.618178,9445.327372,False,0.0,0.0,3.0,0.0,4.461682259509819
2022-06-20,1087,20220620,9194.48657862478,9526.19770533389,9540.893767909678,9051.724827889231,,0,0,1,0,0,0,0,0,0,1,0,0,0,1,1,1,331.711127,3.607718,1.036077,True,True,1.8102003109788576,0_0.0,-1,0,0,0,0,196.297407,189.50511,9453.914072,False,0.0,0.0,3.0,0.0,4.461682259509819
2022-06-21,1088,20220621,9520.949111556887,9435.921892368742,9541.943486665086,9389.734267130832,,1,1,1,0,0,0,0,0,0,1,0,0,0,1,1,1,-85.027219,-0.893054,0.991069,True,True,1.8102003109788576,0_0.0,-1,0,0,0,0,272.402017,209.758507,9456.118481,False,0.0,0.0,3.0,0.0,4.461682259509819
2022-06-22,1089,20220622,9432.772736102555,9400.231454684848,9496.805580182512,9334.099173094171,,1,1,1,1,0,0,0,0,0,1,0,0,0,1,1,1,-32.541281,-0.344981,0.99655,True,True,1.8102003109788576,0_0.0,-1,0,0,0,0,248.783345,202.225231,9462.164861,False,0.0,0.0,3.0,0.0,4.461682259509819
2022-06-23,1090,20220623,9441.170486145824,9254.32054768304,9468.463173786477,9189.23798484777,,1,1,1,1,0,0,0,0,0,1,0,0,0,1,0,1,-186.849938,-1.979097,0.980209,True,True,1.8102003109788576,0_0.0,-1,0,0,0,0,237.761298,200.805023,9459.750508,False,0.0,0.0,3.0,0.0,4.461682259509819
2022-06-24,1091,20220624,9225.978141287042,9147.249234631352,9262.718297726373,9076.918078019038,,1,1,1,1,0,0,0,0,0,0,0,0,0,1,0,1,-78.728907,-0.853339,0.991467,True,True,1.8102003109788576,0_0.0,-1,0,0,0,0,270.827439,204.756906,9451.331764,False,0.0,0.0,3.0,0.0,4.461682259509819
2022-06-27,1092,20220627,9118.906828235356,9385.535392109126,9426.474423570127,9118.906828235386,,1,1,1,1,0,0,0,0,0,0,0,0,0,0,0,1,266.628564,2.923909,1.029239,False,,1.8102003109788576,0_0.0,-1,0,0,0,0,194.985259,205.744876,9448.056641,False,0.0,0.0,3.0,0.0,4.461682259509819
2022-06-28,1093,20220628,9405.480048461928,9314.154516741335,9415.97723601604,9245.922797639838,,0,1,1,1,1,0,1,0,0,0,1,0,0,0,1,1,-91.325532,-0.970982,0.99029,False,,1.8102003109788576,0_0.0,-1,0,0,0,0,233.824853,214.389619,9449.337298,False,0.0,0.0,3.0,0.0,4.461682259509819
2022-06-29,1094,20220629,9326.751141806277,9362.441579490134,9471.612330052702,9285.812110345369,,0,0,0,1,0,0,1,0,0,1,1,0,0,0,1,1,35.690438,0.382667,1.003827,False,,1.8102003109788576,0_0.0,-1,0,0,0,0,235.66186,217.291782,9451.667674,False,0.0,0.0,3.0,0.0,4.461682259509819
2022-06-30,1095,20220630,9331.99973558332,9222.828985020777,9354.043829446926,9209.182641200534,,0,0,0,1,0,0,1,0,0,0,0,0,0,0,0,1,-109.170751,-1.169854,0.988301,False,,1.8102003109788576,0_0.0,-1,0,0,0,0,212.305618,213.092907,9451.373752,False,0.0,0.0,3.0,0.0,4.461682259509819
2022-07-01,1096,20220701,9222.828985020817,9494.706142671628,9510.451924002822,9222.828985020848,,1,0,1,0,0,0,1,0,0,1,1,1,0,0,1,1,271.877158,2.947872,1.029479,False,,1.8102003109788576,0_0.0,-1,0,0,0,0,204.170298,211.734448,9458.112947,False,0.0,0.0,3.0,0.0,4.461682259509819
2022-07-04,1097,20220704,9405.480048461928,9698.351581220915,9748.738081480597,9370.839329533474,,1,1,1,1,1,0,1,0,0,1,1,1,0,0,1,1,292.871533,3.113839,1.031138,False,,1.8102003109788576,0_0.0,-1,0,0,0,0,199.184134,215.562834,9468.064281,False,0.0,0.0,3.0,0.0,4.461682259509819
2022-07-05,1098,20220705,9698.351581220952,9680.506362378968,9720.39567508456,9587.081393147666,,1,1,1,1,1,1,1,1,1,1,1,1,1,1,1,1,-17.845219,-0.184003,0.99816,False,,1.8102003109788576,0_0.0,-1,0,0,0,0,251.145212,231.185119,9478.225558,False,0.0,0.0,3.0,0.0,4.461682259509819
2022-07-06,1099,20220706,9604.92661198958,9354.043829446864,9636.418174651866,9238.574766351976,,1,1,1,1,1,1,1,1,1,1,1,1,0,0,1,1,-250.882783,-2.612022,0.97388,False,,1.8102003109788576,0_0.0,-1,0,0,0,0,238.023728,226.492259,9482.382444,False,0.0,0.0,3.0,0.0,4.461682259509819
2022-07-07,1100,20220707,9312.055079230551,9257.469703949264,9375.0382045551,9195.53629738022,,1,1,1,1,1,1,1,1,1,1,1,1,0,0,1,0,-54.585375,-0.58618,0.994138,False,,1.8102003109788576,0_0.0,-1,0,0,0,0,310.191892,241.867551,9488.93269,False,0.0,0.0,3.0,0.0,4.461682259509819
2022-07-08,1101,20220708,9288.96126661156,9269.01661025876,9363.491298245604,9178.740797293682,,1,1,1,1,1,1,1,1,1,1,1,0,0,0,1,0,-19.944656,-0.214714,0.997853,False,,1.8102003109788576,0_0.0,-1,0,0,0,0,283.161634,241.55881,9492.879632,False,0.0,0.0,3.0,0.0,4.461682259509819
2022-07-11,1102,20220711,9248.022235150622,8995.04001509709,9248.022235150647,8926.808295995594,,0,1,0,1,1,1,1,1,1,0,0,0,0,0,0,0,-252.98222,-2.735528,0.972645,False,,1.8102003109788576,0_0.0,-1,0,0,0,0,234.874572,237.915669,9481.521675,False,0.0,0.0,3.0,0.0,4.461682259509819
2022-07-12,1103,20220712,8975.09535874436,8915.26138968603,9023.382421493185,8882.720108268428,,0,0,0,1,0,1,0,1,0,0,0,0,0,0,0,0,-59.833969,-0.666667,0.993333,False,,1.8102003109788576,0_0.0,-1,0,0,0,0,287.098079,245.881181,9465.146063,False,0.0,0.0,3.0,0.0,4.461682259509819
2022-07-13,1104,20220713,8868.024045692673,8949.902108614517,8992.940577586332,8704.267919848948,,0,0,0,0,0,0,0,0,0,0,0,0,0,0,0,0,81.878063,0.923295,1.009233,False,,1.8102003109788576,0_0.0,-1,0,0,0,0,211.780759,245.510692,9447.657748,False,0.0,0.0,3.0,0.0,4.461682259509819
2022-07-14,1105,20220714,8925.75857724015,8860.676014404778,8975.095358744386,8834.433045519627,,0,0,0,0,0,0,0,0,0,0,0,0,0,0,0,0,-65.082563,-0.729154,0.992708,False,,1.8102003109788576,0_0.0,-1,0,0,0,0,239.073446,233.716793,9427.566131,False,0.0,0.0,3.0,0.0,4.461682259509819
2022-07-15,1106,20220715,8849.129108095316,8852.278264361508,8941.504358571308,8767.251045173469,,0,0,0,0,0,0,0,0,0,0,0,0,0,0,0,0,3.149156,0.035587,1.000356,False,,1.8102003109788576,0_0.0,-1,0,0,0,0,228.0514,233.037564,9407.26457,False,0.0,0.0,3.0,0.0,4.461682259509819
2022-07-18,1107,20220718,9027.581296514794,9316.25395425215,9373.988485799691,9001.33832762961,,0,0,0,0,0,0,0,0,0,0,0,0,0,0,0,1,288.672658,3.197674,1.031977,False,,1.8102003109788576,0_0.0,-1,0,0,0,0,186.062649,233.716793,9395.927608,False,0.0,0.0,3.0,0.0,4.461682259509819
2022-07-19,1108,20220719,9316.253954252186,9239.624485107315,9373.988485799691,9200.784891157264,,0,0,0,0,0,0,0,0,0,0,0,1,0,0,0,1,-76.629469,-0.822535,0.991775,False,,1.8102003109788576,0_0.0,-1,0,0,0,0,281.324626,247.980619,9387.29892,False,0.0,0.0,3.0,0.0,4.461682259509819
2022-07-20,1109,20220720,9295.259579144013,9344.596360648184,9476.860923829749,9263.768016481785,,0,0,0,0,0,0,0,0,0,0,0,0,1,0,0,1,49.336782,0.530774,1.005308,False,,1.8102003109788576,0_0.0,-1,0,0,0,0,252.457361,247.239641,9380.685691,False,0.0,0.0,3.0,0.0,4.461682259509819
2022-07-21,1110,20220721,9347.745516914449,9250.121672661402,9370.839329533468,9192.387141113992,,0,0,0,0,0,0,0,0,0,1,0,1,1,0,0,1,-97.623844,-1.044357,0.989556,False,,1.8102003109788576,0_0.0,-1,0,0,0,0,276.600892,243.102514,9367.648185,False,0.0,0.0,3.0,0.0,4.461682259509819
2022-07-22,1111,20220722,9250.121672661438,9349.844954425227,9383.435954598372,9132.553172055696,,1,0,0,0,0,0,0,0,0,0,1,1,1,0,0,1,99.723282,1.078075,1.010781,False,,1.8102003109788576,0_0.0,-1,0,0,0,0,277.650611,243.596499,9356.920059,False,0.0,0.0,3.0,0.0,4.461682259509819
2022-07-25,1112,20220725,9444.319642412049,9365.59073575636,9463.214580009437,9296.309297899455,,1,1,0,0,0,0,0,0,0,0,0,0,1,0,0,0,-78.728907,-0.833611,0.991664,False,,1.8102003109788576,0_0.0,-1,0,0,0,0,209.943751,247.424885,9348.060433,False,0.0,0.0,3.0,0.0,4.461682259509819
2022-07-26,1113,20220726,9328.850579317092,9135.702328321857,9328.85057931712,9067.47060922036,,1,1,0,0,0,0,0,0,0,0,0,0,0,0,0,0,-193.148251,-2.07044,0.979296,False,,1.8102003109788576,0_0.0,-1,0,0,0,0,208.369173,248.227612,9336.618498,False,0.0,0.0,3.0,0.0,4.461682259509819
2022-07-27,1114,20220727,9104.210765659627,9140.9509220989,9190.287703603171,9061.172296687908,,1,1,0,0,0,0,0,0,0,0,0,0,0,0,0,0,36.740156,0.403551,1.004036,False,,1.8102003109788576,0_0.0,-1,0,0,0,0,223.590095,248.845093,9323.811929,False,0.0,0.0,3.0,0.0,4.461682259509819
2022-07-28,1115,20220728,9159.84585969629,9161.945297207074,9269.016610258826,9103.161046904255,,1,1,0,0,0,0,0,0,0,0,0,0,0,0,0,0,2.099438,0.02292,1.000229,False,,1.8102003109788576,0_0.0,-1,0,0,0,0,211.2559,234.210779,9315.939039,False,0.0,0.0,3.0,0.0,4.461682259509819
2022-07-29,1116,20220729,9185.0391098261,9327.800860561649,9359.292423223977,9142.000640854378,,0,1,1,1,0,0,0,0,0,1,0,1,1,1,0,0,142.761751,1.554286,1.015543,True,,1.809838270916662,触发开仓_0.0,1,1,1,0,0,189.999095,236.124972,9308.674985,False,0.0,0.0,3.0,-0.0005999999999996009,4.459005250154115
2022-08-01,1117,20220801,9302.607610431873,9118.906828235318,9302.607610431904,9065.371171709545,,0,0,1,1,0,0,0,0,0,1,0,0,0,0,0,0,-183.700782,-1.974724,0.980253,False,,1.7785769259279212,平仓(止损)_9143.752375780941,3,0,0,0,0,202.59572,222.910865,9294.125883,False,9302.607610431873,9143.75237578094,3.0,-0.05181901414800005,4.2279439940103725
2022-08-02,1118,20220802,9118.906828235353,9060.122577932432,9196.586016135629,9008.686358917474,,0,0,0,1,0,0,0,0,0,1,0,0,0,0,0,0,-58.78425,-0.644641,0.993554,False,,1.7785769259279212,0_0.0,-1,0,0,0,0,193.67311,227.78897,9284.195543,False,0.0,0.0,3.0,0.0,4.2279439940103725
2022-08-03,1119,20220803,9060.122577932463,9069.57004673111,9139.901203343556,9035.9790465581,,0,0,0,0,0,0,0,0,0,1,0,0,0,0,0,0,9.447469,0.104275,1.001043,False,,1.7785769259279212,0_0.0,-1,0,0,0,0,208.369173,227.974214,9272.774603,False,0.0,0.0,3.0,0.0,4.2279439940103725
2022-08-04,1120,20220804,9029.680734025613,9208.132922445058,9266.91717274801,8978.24451501062,,0,0,0,0,0,0,0,0,0,1,0,0,0,0,0,0,178.452188,1.976285,1.019763,False,,1.7785769259279212,0_0.0,-1,0,0,0,0,192.885821,213.957382,9264.565803,False,0.0,0.0,3.0,0.0,4.2279439940103725
2022-08-05,1121,20220805,9170.343047250375,9033.879609047215,9182.939672315311,9014.984671449924,,0,0,0,0,0,0,0,0,0,1,0,0,0,0,0,0,-136.463438,-1.488095,0.985119,False,,1.7785769259279212,0_0.0,-1,0,0,0,0,210.73104,222.663872,9257.44871,False,0.0,0.0,3.0,0.0,4.2279439940103725
2022-08-08,1122,20220808,9025.481859003976,8936.255764794207,9069.570046731174,8924.708858484775,,0,0,0,0,0,0,0,0,0,0,0,0,0,0,0,0,-89.226094,-0.988602,0.990114,False,,1.7785769259279212,0_0.0,-1,0,0,0,0,193.410681,217.04479,9248.421128,False,0.0,0.0,3.0,0.0,4.2279439940103725
2022-08-09,1123,20220809,8923.659139729332,9030.73045278099,9111.558796947522,8901.615045865783,,0,0,0,0,0,0,0,0,0,0,1,0,0,0,0,0,107.071313,1.199859,1.011999,False,,1.7785769259279212,0_0.0,-1,0,0,0,0,182.651063,217.291782,9245.418933,False,0.0,0.0,3.0,0.0,4.2279439940103725
2022-08-10,1124,20220810,9001.338327629575,9061.172296687842,9145.1497971206,9001.33832762961,,0,0,0,0,0,0,0,0,0,0,1,0,0,0,0,0,59.833969,0.664723,1.006647,False,,1.7785769259279212,0_0.0,-1,0,0,0,0,209.156462,219.39122,9240.779176,False,0.0,0.0,3.0,0.0,4.2279439940103725
2022-08-11,1125,20220811,9045.42651535674,9085.31582806224,9116.807390724569,9037.028765313506,,0,0,0,0,0,0,0,0,0,0,1,0,0,0,0,0,39.889313,0.440989,1.00441,False,,1.7785769259279212,0_0.0,-1,0,0,0,0,172.941165,197.161882,9237.609025,False,0.0,0.0,3.0,0.0,4.2279439940103725
2022-08-12,1126,20220812,9080.067234285229,9004.487483895771,9182.939672315317,8969.84676496735,,0,0,0,0,0,0,0,0,0,0,1,0,0,0,0,0,-75.57975,-0.83237,0.991676,False,,1.7785769259279212,0_0.0,-1,0,0,0,0,144.598758,191.666295,9231.751594,False,0.0,0.0,3.0,0.0,4.2279439940103725
2022-08-15,1127,20220815,9056.973421666236,9438.02132987956,9447.468798678306,9054.873984155454,,1,0,1,0,0,0,0,0,0,1,1,1,0,0,0,0,381.047908,4.207232,1.042072,False,,1.7785769259279212,0_0.0,-1,0,0,0,0,161.656688,190.246087,9229.547185,False,0.0,0.0,3.0,0.0,4.2279439940103725
2022-08-16,1128,20220816,9424.374986059278,9445.36936116742,9478.960361340569,9342.496923137438,,1,1,1,0,0,0,0,0,0,1,1,1,0,1,1,0,20.994375,0.222767,1.002228,True,,1.7782212105427355,触发开仓_0.0,1,1,1,0,0,219.916079,205.806624,9230.680881,False,0.0,0.0,3.0,-0.0005999999999999339,4.2254072276139665
2022-08-17,1129,20220817,9467.413455031034,9537.744611643386,9551.390955463768,9405.48004846196,,1,1,1,1,1,1,0,1,1,1,1,1,1,1,1,0,70.331157,0.742876,1.007429,True,,1.7876850777238031,0_9305.743926559273,2,1,1,0,0,218.079071,199.076074,9236.643284,False,9467.413455031034,9305.743926559271,3.0,0.015966293380640595,4.29287131906273
2022-08-18,1130,20220818,9517.799955290651,9496.805580182448,9536.694892888048,9454.816829966168,,1,1,1,1,1,1,1,1,1,1,1,1,1,1,1,0,-20.994375,-0.22058,0.997794,True,,1.7835446358320866,0_9305.743926559273,2,1,1,0,0,234.612142,197.841111,9241.828894,False,9467.413455031034,9305.743926559271,3.0,-0.006948273960515228,4.263043273060644
2022-08-19,1131,20220819,9495.75586142707,9620.672393320672,9634.318737141057,9394.982860907872,,1,1,1,1,1,1,1,1,1,1,1,1,1,1,1,1,124.916532,1.315499,1.013155,True,,1.7951773059088154,0_9305.743926559273,2,1,1,0,0,202.070861,185.182738,9249.911729,False,9467.413455031034,9305.743926559271,3.0,0.019566659296926137,4.346456788352675
2022-08-22,1132,20220822,9557.689267996182,9521.998830312255,9577.633924348986,9480.010080095975,,1,1,1,1,1,1,1,1,1,1,1,1,1,1,1,1,-35.690438,-0.373421,0.996266,True,,1.7813758329364249,0_9305.743926559273,2,1,1,0,0,151.159501,191.666295,9253.984638,False,9467.413455031034,9305.743926559271,3.0,-0.02306425041186133,4.246209020581774
2022-08-23,1133,20220823,9484.208955117574,9605.97633074495,9644.815924695144,9463.214580009437,,1,1,1,1,1,1,1,1,1,1,1,1,1,1,1,1,121.767376,1.283896,1.012839,True,,1.8042468452906724,0_9305.743926559273,2,1,1,0,0,152.20922,190.184339,9262.15145,False,9467.413455031034,9305.743926559271,3.0,0.038516878804649046,4.40975973880673
2022-08-24,1134,20220824,9605.976330744985,9566.08701803942,9664.760581047907,9514.650799024465,,1,1,1,1,1,1,1,1,1,1,1,1,1,1,1,1,-39.889313,-0.415255,0.995847,True,,1.7967546171056603,0_9305.743926559273,2,1,1,0,0,161.131829,188.084902,9266.560268,False,9467.413455031034,9305.743926559271,3.0,-0.01245765490110362,4.354824473783895
2022-08-25,1135,20220825,9566.087018039454,9636.418174651804,9760.2849877901,9526.19770533396,,1,1,1,1,1,1,1,1,1,1,1,1,1,1,1,1,70.331157,0.735213,1.007352,True,,1.8099645983792347,0_9305.743926559273,2,1,1,0,0,177.927329,181.477848,9274.412165,False,9467.413455031034,9305.743926559271,3.0,0.022056402940854758,4.450876237114368
2022-08-26,1136,20220826,9636.418174651835,9715.147081307456,9724.594550106203,9584.981955636846,,1,1,1,1,1,1,1,1,1,1,1,1,1,1,1,1,78.728907,0.816993,1.00817,True,,1.8139078763713463,0_9305.743926559273,2,1,1,0,0,176.615181,184.194767,9284.027588,False,9467.413455031034,9305.743926559271,3.0,0.006535947712418055,4.479966931474592
2022-08-29,1137,20220829,9657.41254976001,9636.418174651802,9736.141456415702,9609.125487011246,,1,1,1,1,1,1,1,1,1,1,1,1,1,0,1,1,-20.994375,-0.217391,0.997826,False,,1.8096026054595589,平仓_9305.743926559273,3,0,0,0,0,176.352751,186.294205,9286.231998,False,9467.413455031034,9305.743926559271,3.0,-0.007120434782608598,4.448067619110784
2022-08-30,1138,20220830,9636.418174651835,9542.99320542043,9662.661143537092,9453.767111210758,,1,1,1,1,1,1,1,1,1,1,1,1,1,0,1,1,-93.424969,-0.969499,0.990305,False,,1.8096026054595589,0_0.0,-1,0,0,0,0,162.706407,176.784988,9288.373424,False,0.0,0.0,3.0,0.0,4.448067619110784
